100

2 4 10
8114 338
6597 4418 4331 3300
7832 4956 8834 903 1804 2750 2324 1754 8162 3330
10
2229786 3910893
29894432 3956238
35141734 21895608
23185110 17551476
65855025 30988880
2229786 5953200
8211918 10121596
1493284 51667704
41395875 5733610
26776200 51667704

7 10 7
139 1399 7451 1583 3511 311 6421
7297 9413 9491 9043 5501 6397 6491 1031 4159 7487
7213 7907 113 4877 5869 1933 2243
10
13168787 12547103
10208503 1992923
31947719 1171349
4945769 21918137
26286857 12547103
1014283 21113359
12651157 21113359
56821243 920351
640903 3248857
10697279 57535403

8 7 5
7001 9851 1549 2269 3167 1093 6779 8209
7937 3967 1871 1553 787 2143 7331
5659 983 827 613 2753
10
7752737 20182243
5335073 1146923
21110693 3899561
39078917 7206373
2067031 51089723
5141057 4397609
7312673 33756133
17591887 2166611
73666897 51340963
1346869 11042597

9 4 8
8199 6180 4228 655 9113 2899 8051 3574 6219
4335 6948 5377 336
1347 9255 4202 4098 5958 8459 7617 4821
10
521752 3623328
29376144 25922517
37362440 20937420
397215 49406193
1420608 41396184
1705587 15841212
4550940 2842224
79061118 9886970
2089584 29195496
220080 33019695

1 2 9
260
3352 9163
4540 9143 8378 1578 948 9724 7023 2575 8533
10
33585464 2087349
871520 83777309
871520 41600020
2382380 28083056
41378238 24897698
2382380 3177696
2382380 32594848
11333262 25038104
25202659 8903150
16188172 14984241

6 4 9
678 767 9940 6335 2282 6434
1661 4515 1284 1784
1717 5853 6065 1791 2415 4880 9351 3979 65
10
8134140 6609119
16510340 7752255
7503504 12832566
984828 107965
63130704 68745120
12823720 9782784
11478256 8105680
45900612 18431448
29049510 3100860
17365446 12136968

2 3 6
8974 1587
2886 6415 946
8138 8132 2727 4445 746 1732
10
8489404 28514675
1406475 37797408
57568210 2579742
1501302 4785590
3095457 16091140
57857800 17108247
10180605 7692872
4580082 52166780
28444794 2059070
28908900 75853584

3 6 1
7972 4885 4607
8786 5945 2306 7804 3706 3270
7235
10
42919610 23658450
70041992 56461940
525987 16673188
11264810 23658450
4063962 5062776
18869730 6726564
25410960 39897460
18103810 43012075
32624150 82491850
29544232 43012075

4 8 5
7135 8335 7262 4082
8974 6897 6944 4784 3425 1835 1135 1306
9170 5464 302 2578 3816
10
24872350 17780466
47267020 21559425
19528288 17901632
28153554 342770
39874640 342770
12280555 71352
32890704 21488160
36631868 7002360
40813080 10699416
1797600 787116

8 7 2
8913 4685 4938 1936 7096 3878 3051 3708
161 5579 5484 7025 1264 5044 1492
5619 8844
10
20078474 66374100
5921840 8383548
40779534 33967584
311696 44609136
10587232 7102416
27079992 31348401
15389244 904659
28123417 14860780
29546840 14779128
29466708 29289051

6 2 9
647 6737 8233 2381 6491 149
4793 677
2309 6271 8269 1231 5273 127 7 4259 887
10
4560949 30056903
4560949 608711
5763623 49352711
4577227 21699413
1011463 204277
19785109 4514617
4394407 30056903
1611937 11067037
40797083 17852147
11412133 4739

5 2 4
8167 4007 8941 151 6547
7829 2963
3407 9689 6397 5869
10
28928693 3495407
557131 1598203
11872741 50082113
17282029 2072177
69999089 28708507
75911323 8231869
69999089 28708507
69999089 18954311
10654001 28666139
11872741 26673403

4 4 2
8707 179 4261 8291
4649 353 8807 5501
8419 6427
10
1565363 4367117
73018837 46312919
45608791 29879123
3619241 9209911
3073571 39139931
275173 8708351
5356633 95588573
40478843 35354927
38544859 56602589
1274153 7249883

6 3 6
2753 2477 5743 9547 2927 6421
7487 4813 2281
8663 3701 3853 2447 8111 8231
10
41039281 9454427
976873 5111867
6279593 18544489
20340071 1644091
5650037 61625497
40053151 2339201
6676487 18544489
2325941 40488029
20611711 8441981
13099783 18320689

1 10 2
6581
3727 9013 4457 3853 4787 7193 6113 521 8783 7577
7669 5441
10
9867997 18510881
3373099 10153861
3049499 56787151
24527387 49039733
17510863 11730559
40229653 24250537
3075923 8958379
24527387 55163117
49864237 28582363
3428701 24250537

2000 2000 2000
5623 266 6285 9339 9776 9627 9102 8745 8960 1758 153 9405 4949 5744 1206 7846 8165 4921 8018 6066 7868 2622 3252 5208 7128 447 1869 3378 3417 9678 8716 5391 9943 5000 4729 6070 979 183 1166 6290 1940 7670 2046 3241 3413 9603 1086 1577 4524 5455 3994 8743 8076 7246 303 1556 4044 2171 4933 7461 1848 3648 9203 8143 4999 3932 564 2329 4114 1730 4971 2405 9399 7016 5645 2812 6619 3083 740 7494 8537 2588 2965 4683 9242 872 8726 7764 2156 2538 5964 5803 1741 4106 7153 2024 1021 5834 2489 2750 804 4893 8501 7819 6890 7664 789 9972 4755 4634 4860 5840 3574 7824 522 2815 5047 5600 579 7202 4489 2894 9356 2581 3351 6509 956 4371 2342 3444 3473 9497 4689 8325 7315 1578 5988 4456 1549 7094 5441 2760 2934 9014 584 9807 8181 5630 5111 2832 6247 8004 2187 8827 1354 9783 2076 3740 9578 5548 3236 618 3872 6903 2195 6211 7710 95 3305 3150 2855 2590 8516 9790 2396 6696 1771 506 1806 954 6752 6161 9493 1930 7514 891 8064 5941 4631 1489 4218 4611 1712 1120 3158 7923 8829 9604 7579 8331 2458 168 6846 8599 8915 9893 6722 9420 1698 7675 2523 4210 3519 805 8075 4410 8868 4015 5392 2861 5503 9609 7472 3567 729 6981 7841 5909 6584 5419 4239 9042 5586 7436 3992 852 7328 713 272 5377 4740 9146 9586 8258 9950 7660 9019 5170 1675 8030 3529 4019 1853 7095 1099 8833 4935 7007 5417 6705 7598 810 2290 1385 1153 9494 8713 8218 6117 441 2957 5262 27 7566 1564 4038 6585 6733 5712 7346 1114 5593 1364 9319 2687 8814 4503 3974 2173 6271 678 9770 3432 9320 7506 4585 5165 6218 2802 1281 6659 2110 3037 9675 4457 7074 2611 7541 9138 9957 5007 1082 7672 4325 120 6486 5179 4093 8658 1450 1123 4779 4881 6794 2284 5817 1958 4854 8618 3238 7864 727 6131 900 6754 6940 9364 4480 9814 5672 9486 895 9696 162 1015 6181 5341 1459 1190 3142 5968 8022 9374 8251 3839 1331 3104 8808 920 7319 5887 7051 2640 342 8895 8355 4821 8708 379 659 74 7172 6969 6254 8864 8427 7443 2005 1008 9762 6379 4364 6569 7468 5376 8983 4786 7614 2385 253 2726 8250 4960 3899 3309 1690 909 9263 1763 8080 6231 4368 6944 4658 8162 8948 2017 1678 8749 2286 8246 3164 6105 9974 2147 7243 7587 883 2950 7840 9961 7551 9151 3859 7211 840 1119 6474 8954 9198 2704 9673 2493 3713 7834 7793 5729 2108 9470 830 745 7716 3993 3202 7689 2491 6796 5275 3374 9745 9466 9686 3647 4968 9896 857 2159 1014 7330 1112 211 6386 7136 98 4969 496 2179 3428 6317 3008 4173 4032 7000 3726 8072 9491 521 9699 9216 6617 9164 8901 263 484 8796 7471 2642 9809 4801 106 6371 7538 7241 5426 3987 8562 2273 6165 1989 8590 5524 2513 8973 2524 7045 8366 3110 6743 3933 6078 2258 2833 2692 2741 7980 163 1735 4140 1315 8192 6862 8852 5432 2288 9190 345 4560 5355 8686 9501 878 7550 8474 9753 140 5518 4470 9601 8612 8402 5679 7221 7586 8370 6314 5565 4884 8048 6056 6198 6239 2918 1401 1557 591 8367 6116 2297 7052 1969 9526 4601 442 9279 1092 2311 3748 693 7274 2150 4494 9735 807 1652 2328 5206 4059 8525 7796 3328 6278 5818 3220 536 7352 5516 5041 8539 6113 671 9631 8423 4419 6675 5696 2920 9397 6541 9006 488 3700 7009 8905 1068 7692 6701 4395 321 8870 5631 3540 9334 5407 3343 8653 1881 1117 1118 7863 9539 1888 889 1586 4807 285 4478 3812 7125 8177 821 6291 7082 8240 3982 134 8986 654 9003 4616 4193 8407 3949 9599 1749 8953 6398 9981 69 7515 4196 5959 9402 5084 3896 560 5369 8374 6550 1543 8783 9983 9782 9117 116 8768 5470 315 3876 3684 9913 1976 8988 2662 1957 5409 176 6152 1367 5929 1235 5263 2840 2955 9988 5447 2889 5105 582 2872 4887 9698 3654 9467 4809 9740 9781 8684 3423 6046 660 8763 8707 8968 4171 5235 5119 1889 2705 3503 355 2012 3490 3917 7458 9021 8039 5602 259 7736 4940 264 3555 9748 4 9687 4784 9778 5732 1795 8540 791 762 9062 2377 2232 951 9891 1288 6597 3299 4295 6865 757 7025 2238 5147 2626 2496 9235 7565 2789 7313 9115 2475 8448 8892 4559 242 3784 1701 1003 2845 4077 147 319 873 952 6916 4172 1598 3780 1280 8622 2369 6426 1247 4865 5163 3976 4800 3090 3627 1981 4537 2116 6237 4869 1313 6665 4454 6983 5327 8762 3898 9498 359 4030 7129 5332 3554 6578 5566 8093 1589 6717 6919 4678 6695 3011 1231 8059 5126 3819 2928 6438 483 7381 4249 7466 2707 3010 7715 8556 9721 8096 5684 5052 846 5590 7982 8459 7507 2426 6400 575 9344 1077 7270 3536 439 4852 7947 5023 874 8354 5505 8254 2602 9322 1964 3389 5868 8036 7836 7904 3087 8681 9845 7420 3492 7351 7925 9189 1546 9076 7758 7022 3322 7772 4247 8027 9628 2501 629 8950 9813 8944 8690 2032 6979 6525 6287 6417 1558 3837 5049 9833 33 1291 4110 5573 8609 5655 1001 6366 8404 4374 6039 6175 8621 4066 7473 1046 1104 7285 9989 6145 5668 6967 2669 1955 3383 4226 4437 3571 5626 4270 3604 8379 5528 5525 4033 6528 8242 8789 7254 4281 5874 8346 3469 3346 9391 924 6982 9379 7068 2649 2697 9737 955 6079 314 1744 6002 5940 6013 5957 9207 4391 1484 1083 4775 9325 9915 1617 3605 1230 7490 1950 1050 7187 1974 4168 3422 9041 3168 6118 5129 475 8548 5443 2218 4549 7734 8230 505 8972 8023 6352 3699 13 4320 7303 7594 1809 5604 8643 8995 3295 616 9514 6716 6009 2681 9185 1137 3155 7732 6579 1724 2281 664 9953 9137 7604 5276 1125 1978 5374 3828 5676 1738 8147 9330 9331 6307 1653 4579 1293 7646 7301 199 6830 4789 9705 4561 1368 1429 3193 8383 7733 2330 2338 9361 9806 667 4734 9986 6342 2823 4484 2023 8505 6955 9181 8795 7885 473 6313 5530 4125 6511 2359 8914 2567 3272 6633 3995 2816 5015 5145 7353 7440 4951 8019 4936 7699 5771 2735 6203 6561 6042 5383 1708 278 2208 8020 5808 6332 882 4518 1597 3448 4141 8229 3795 6957 9596 8226 2101 3300 5665 3403 541 4690 8382 8239 461 7469 793 3373 9862 2527 5080 139 9451 5946 7418 332 6816 132 3595 7912 3190 8503 6365 2841 519 6119 510 1059 809 5649 7621 2712 6441 993 2573 8967 2425 9063 53 1875 1361 7470 8559 8176 6483 5042 5483 77 5319 9747 9618 3821 6111 4339 8581 2968 9389 8211 7397 3361 189 4354 9846 5507 3130 5260 5559 1356 6620 3028 6266 1147 5863 1307 6630 2291 6625 6376 8261 6797 8838 718 7487 37 3159 4599 6631 6519 1872 3171 7224 8069 8678 3329 588 8061 6300 3616 4326 7447 5830 1985 428 8120 4961 6380 1992 3450 9244 5761 9838 8479 5271 1461 1790 2660 984 5365 9661 2070 409 248 130 6708 215 4154 6044 2791 933 4164 7752 4087 6895 5861 2430 344 5104 8191 182 9934 3461 970 7747 1602 3629 8730 3319 4357 8390 5388 4989 7825 5204 9027 8330 7599 1818 8114 5921 3349 5009 1781 5779 1704 8237 3170 133 5558 916 9187 5997 1405 9895 738 6792 1012 5726 5012 5188 7281 3517 1232 2207 9131 9345 8127 2480 705 9907 4610 2409 9495 1282 6997 2664 1414 2555 9931 9500 2279 904 3016 4047 5350 8741 9058 537 2374 9448 406 1654 9536 2949 6 9328 2414 1885 609 5762 4548 4668 7874 3108 8778 7099 6123 2824 8800 1216 8234 5689 9941 7681 2446 3545 5466 6700 2850 7857 6027 1615 9741 2988 3729 641 1362 8396 7822 7508 930 8012 4606 3404 7188 9757 971 5421 1797 911 9453 4242 8786 2575 604 9274 2853 4812 820 4552 991 1544 2352 2943 9366 1587 450 6647 5950 1407 50 3137 7516 7373 4909 9312 4635 4361 1794 9499 6454 8105 4649 1265 6108 5468 5816 15 3712 9450 9310 3077 7388 9759 9723 9690 7518 6124 9178 5033 3496 696 4483 4799 601 6276 649 3080 7102 1184 2720 7292 4540 534 742 906 4245 191 7321 3931 6326 7043 3843 9518 9149 5227 9587 5922 3848 4386 6523 123 5034 5954 4546 2136 7138 7265 6853 781 8156 7386 1522 5628 5302 1994 1953 8696 1965 8214 9647 7778 7789 2521 7900 2445 1310 1963 6061 2743 569 1900 4264 5982 9881 1609 1535 673 3562 230 8990 2060 4795 6455 5785 8725 3506 5431 6502 7647 4303 753 469 2776 9549 8130 4739 1962 2643 7481 2530 4542 8097 8511 775 424 119 2309 1096 32 8890 85 2092 3685 2891 7876 8761 2749 9658 395 3960 6015 7215 5564 5344 3877 4338 1658 6406 5232 9754 4916 6006 177 1386 4666 7624 7770 4061 6213 3591 6951 440 97 93 408 9980 3659 3494 1895 9002 7671 9692 2176 4923 5433 3443 928 1961 1181 5936 5499 9996 1514 9090 6947 1441 2997 2049 5406 9442 5385 3100 2301 3632 8454 9971 8145 5650 7930 3067 7434 7724 346 9394 5256 5938 5330 557 7788 5325 6877 8623 4022 4669 1620 2422 1061 1229 1811 512 9882 8965 6204 1195 7109 1854 5476 175 5639 9552 520 2809 6714 1716 597 3785 3825 3365 4159 8494 4984 2932 4919 513 3081 2907 394 4874 8224 2421 4802 4248 1859 3799 1825 4958 1539 8538 3025 8487 3279 6809 8663 6643 3508 7978 6603 6725 7115 7859 5984 9085 4207 456 1505 9538 5258 2104 7748 2050 2255 6478 3874 7212 236 9206 2041 3396 7067 7728 3013 3669 2506 9738 7135 364 5721 4642 9927 1449 7304 6706 9408 3564 5107 1662 6393 8980 5225 7112 7742 1812 1559 4818 4977 4615 7830 8645 7120 7567 2131 7484 3287 6772 3283 9565 4573 587 5381 7630 6346 5296 2737 4359 8040 5935 5151 9458 7746 5592 5656 4706 633 9321 8238 5629 6440 2157 7760 275 3558 5008 6740 3085 2035 5821 3888 3485 1576 3345 7582 5288 3237 451 221 9771 286 2202 2563 2442 4236 7195 2746 5595 2650 9593 2334 2086 2785 720 4258 6687 7145 171 8720 7842 4104 8113 3129 3693 5177 3913 1038 5462 6114 3600 4255 4842 9621 1886 437 1479 9122 7059 615 9842 7668 7302 6986 5812 3824 2058 5 4280 6522 7972 1437 4662 8236 6475 4350 3127 5214 5570 9099 3452 2358 4072 1480 1130 8248 7673 8797 1901 1010 961 5725 9419 7317 6802 4327 7377 7815 2562 9851 4289 3263 8629 1369 6390 3842 3291 5488 3645 5648 5912 4926 3479 7041 3174 7503 2190 5074 9502 7150 4283 3505 223 6324 7831 7600 4138 6745 3802 7 6147 6396 2624 9437 2620 5085 499 7546 4915 7539 7071 8770 6080 8496 3634 1933 5646 7916 1455 5502 4491 9685 8442 1915 6429 8595 6693 6435 1025 9183 10000 8628 3770 2619 64 4268 6516 4979 8158 9938 590 8434 3733 8874 431 8000 328 2490 1968 931 6372 3064 1183 6902 3253 486 2223 946 4753 8739 2276 9262 5028 2375 6107 243 4107 5404 2948 3509 231 9880 9756 9295 3009 7902 7140 6261 8784 3977 8483 6081 5081 3573 4709 4342 4953 7083 545 8413 9542 5621 1024 7534 9299 4532 9529 763 7620 9284 58 8644 7959 7886 4904 3094 9739 5526 3294 9663 234 7636 9380 9562 152 4387 5913 1175 8272 5211 2059 6650 2821 622 375 9230 5371 5606 274 2985 6364 7113 5096 1100 5116 20 1029 5782 758 6941 6956 9029 8504 5366 2031 9595 8187 9004 6321 3768 371 1691
7308 5976 8317 292 9795 4680 5154 3259 706 6602 4358 7699 1717 9988 4070 2746 2121 1180 6038 5428 6560 4541 794 8590 487 8980 7593 6808 9099 4316 4850 6406 6643 3166 3050 2789 7846 4555 6047 4903 1156 6756 8953 2873 6743 9375 1970 5215 554 8007 643 7113 8900 1436 2055 9386 6767 9647 2545 2217 314 7395 8623 6957 560 8024 9745 4757 2578 5792 6012 3734 2547 4964 2958 5642 4338 1279 856 1243 9285 7850 4708 4536 5637 6762 3922 8755 2760 2818 972 3074 212 5946 30 7124 3969 9774 1880 2898 5565 7891 2983 4464 2855 2292 105 3544 3570 7312 1139 5162 5846 7390 7150 8959 7663 5905 1718 481 3228 4791 7044 9173 4820 4167 9493 4594 2390 6510 3937 1725 973 3143 4016 7429 3039 7586 1093 4177 6792 6254 6374 533 9755 5332 8196 5659 7049 5028 8886 8192 2071 4410 3011 6238 3902 3956 8636 2644 6818 2572 4368 4142 2067 4735 1571 1457 2320 2663 1985 5463 5268 8358 5996 5022 41 543 7033 3441 5570 2270 1632 3992 6680 995 229 6933 4950 8864 5928 8119 7788 295 2261 6206 1382 3831 7662 53 2845 9646 5516 4355 1511 9485 747 8405 2869 4187 326 5139 5819 4317 8170 3165 898 1454 4466 6113 7382 2585 252 4028 4845 6457 5409 5027 470 5462 7871 6467 7329 2334 821 5191 1567 3595 7391 2106 3920 2529 4276 4588 7050 7440 5485 8503 1905 7950 2236 4489 8201 6264 9333 4658 711 1479 3485 8581 7946 7165 7266 5118 2355 1788 3037 5949 9178 5142 6220 8058 9417 808 5107 6856 9961 5112 593 8549 9601 8794 4812 5285 9803 2835 1281 2672 928 5578 9836 4546 696 8543 6333 3732 843 1862 5225 7063 9919 993 4222 1377 4200 6865 7689 9311 3810 6237 5263 8955 1048 548 8757 235 2895 6389 9258 3822 1967 9093 8367 9014 7635 1051 9097 8478 2912 673 1892 9182 1665 558 5864 9329 8247 1526 9490 4483 6789 8444 1883 3688 7200 8469 6582 9941 7726 403 8259 5122 3624 805 2524 2720 5634 5436 3392 3877 4617 1408 6341 1527 3623 5669 9773 5148 607 1936 9954 8841 5623 3506 7309 8556 3446 5034 8056 8204 432 1679 5360 2955 750 4742 493 4869 9359 1900 1209 7237 1874 3229 7009 7021 1091 3967 5309 1045 9160 7283 902 6468 5839 4347 7854 1149 8754 2409 7932 7768 886 7533 5628 8025 6332 1338 6276 3892 8574 8149 3472 1934 5169 4563 2252 6829 5607 1411 4112 6508 4231 6302 7206 2084 3802 2311 844 1733 9094 8611 2618 6626 3722 4597 1002 2286 7277 3944 859 5425 7415 9144 6945 1977 1396 126 3935 9158 589 6794 3388 6890 351 1823 691 2661 2666 2423 8106 1276 1392 4731 1349 2341 5732 7753 4626 9360 1696 1837 4784 980 8081 3791 8727 8206 4078 7885 5146 7223 7624 2035 7574 9447 9077 6586 8464 7851 4692 6092 5594 5774 7934 1506 5193 2560 865 3240 748 2001 5054 1727 6433 5197 454 990 9274 4690 6135 6496 2313 4521 4069 1759 3597 7007 223 7799 1698 3823 7678 5328 1649 6589 1241 7336 897 2646 5414 7842 5867 8318 7115 556 804 3611 9221 5324 4031 979 8920 7389 7553 3070 5438 218 6461 9261 6675 490 940 4675 7078 3484 2267 4413 4380 4913 9827 1708 2754 2045 6377 6221 7180 6183 8173 2503 213 5503 7774 3954 9408 7195 9391 5977 8 8651 9003 497 9591 3678 7575 9426 2296 8339 3806 7208 4517 1865 6314 2914 2534 1866 1773 8716 6390 628 5280 4753 9233 7651 1948 8624 3628 1955 3626 2630 2451 9568 6307 8994 4955 4716 9151 2162 5584 1015 8475 8497 5608 1008 6714 3733 6075 3103 4360 1355 1347 5464 587 8997 7411 5562 2624 9365 9188 5254 8168 7912 4544 4100 2866 5611 3250 1380 1195 617 6043 2576 3566 2757 2660 9640 2211 7019 994 9909 8835 7933 8906 6245 9846 7881 5610 5385 9486 129 492 3750 4672 943 2967 283 4193 4346 7829 1161 552 88 469 9331 2748 108 7894 9766 7454 7802 4952 1738 6707 1197 1583 3158 6968 425 3286 3811 4174 7957 7141 4591 8945 7838 8771 4741 5346 6545 5209 4676 9292 1669 8921 9122 6723 361 7211 9781 1557 8793 720 1066 2112 7497 4351 5922 1670 8659 675 5971 3000 8372 2428 4092 3717 9301 4745 4615 7321 3665 6375 2794 6739 6735 4 6520 4643 8796 3591 5708 7260 1087 6410 3181 5069 207 4270 4670 6178 3621 9393 4957 7713 9462 280 3365 4206 1246 685 3972 3478 961 7059 9833 3832 8053 8628 7422 3761 2239 8509 6522 5420 7617 1590 5626 1886 6259 8155 5507 5652 3111 9571 1465 9742 2935 5670 7339 9971 6243 1311 9800 3555 4721 9632 7386 2773 4611 1160 2885 6850 9668 9407 8621 7284 996 4246 5521 3607 8753 7379 8215 6949 7074 6235 9095 1647 2557 5337 9309 2356 5244 4029 2629 6802 2950 140 9686 6151 9807 9092 4771 3442 6440 5368 8963 46 4120 2693 2007 2335 9642 9080 2228 4526 8289 4785 6214 3950 3492 7978 8183 438 1131 7484 577 817 3634 6736 6260 8404 177 9051 123 5491 9096 595 8184 9281 5923 2756 7410 563 7540 9976 4512 7384 1432 8842 5566 8221 9972 9401 5150 7140 3034 1885 9752 7789 8413 8802 7911 3904 4250 4857 8439 1703 4137 8967 59 1722 8349 6974 5614 8324 7837 9349 6108 6678 1266 680 3002 666 5829 141 3699 9892 1487 2478 8694 5749 2733 9295 606 1171 997 6489 1153 8210 6637 8126 1312 5962 9523 7419 8992 788 8099 1993 1453 279 2133 5151 4344 8377 2989 6821 3422 5090 9553 2716 5695 7075 64 6788 3563 8352 7940 8124 4988 2417 8299 6299 7821 70 8609 4520 2066 61 4798 4198 5212 9141 8926 4552 2347 9641 1414 1687 5291 1478 5205 9829 2766 3329 1168 1535 1627 3818 6265 3887 6338 4407 4758 8403 4468 9556 8952 6031 5048 7878 582 7361 6576 6575 5577 7990 8261 868 2424 1999 9501 5752 1035 7378 6983 3651 3177 7222 6340 7583 1979 8402 7886 3693 4432 9286 7922 1366 6646 4498 2487 6200 5793 4657 9287 8217 6655 3968 6172 2525 7698 3154 6175 7226 6727 2514 5058 9562 7299 345 8580 1573 8062 1577 6070 6001 151 4908 8553 2295 9564 7839 511 6218 2977 831 2389 5501 4880 1894 1675 2105 4973 540 9616 6382 4146 5529 5676 7796 5874 4256 5720 5832 1789 6288 6696 4840 4629 2611 2678 5180 5654 2321 7506 5814 5532 5656 7138 6071 5272 3519 6568 7152 9194 715 3025 3449 6435 3312 5633 4575 9599 7966 1271 790 2594 233 3467 4085 5413 5472 9332 9957 1497 4860 1964 8634 7282 3587 8504 3849 739 915 115 7498 7349 3426 9482 1924 9376 7448 9546 6517 6393 6130 6335 1542 8158 9586 7486 5894 8722 2345 7857 3708 9626 8563 9826 8534 2612 741 8648 6462 4441 8426 5943 4153 670 4743 3356 9315 6284 1514 5252 9861 8999 1145 4935 7696 5354 4994 3149 3556 3499 8034 6168 591 3033 8981 5031 7810 4923 7747 8315 1017 6359 5336 3503 1101 8691 9169 3737 204 4421 5555 1917 4883 3622 9876 570 3122 9784 420 7507 2303 1010 1283 6041 4701 139 3015 3573 2849 8350 3427 7041 2596 4038 7244 3368 3986 2798 1636 8869 1610 5096 2969 4879 9740 7181 9129 8463 3142 3829 1020 3280 6844 944 6128 4371 6429 8585 6966 2181 6685 4978 8320 6024 7377 9929 7471 6697 1012 2350 6436 9530 3537 5081 4345 5261 1716 6309 8456 9011 8789 1 3381 5217 6698 8387 765 3382 5542 2095 8054 1565 5823 4334 9035 2519 1697 7736 5306 1297 3618 5195 2729 4314 1872 6029 8181 6445 1391 3321 4772 8537 3275 2146 7555 8816 592 6732 6414 2119 5284 1638 9854 590 9823 2136 2015 4136 4007 6356 6516 8539 9152 7907 1859 1949 6748 3330 22 1827 4404 5190 2419 11 1921 8832 6304 391 4116 4293 245 1057 9930 6419 3192 8296 555 3550 4651 7070 8441 3803 4976 299 2103 4005 3398 5432 855 9772 7258 5258 4961 9676 1621 3233 8508 7924 8975 8568 220 31 6638 9574 6793 3123 7795 614 1563 7949 1941 8214 51 7963 1834 3152 7734 8409 9046 8767 6381 2279 656 2254 9223 8825 5334 4072 4907 7216 9006 4382 1362 6861 5713 208 4824 7547 3359 8909 8120 7955 1756 4500 6585 1734 1508 730 4014 2371 5827 3629 8368 1184 8010 6082 7154 6658 5392 1417 9870 7456 1624 5002 1335 7991 5806 4260 6099 6657 7196 4184 8164 2385 1220 5246 2750 3590 6398 8576 7219 1118 6112 1580 7199 3265 4589 8942 1033 4459 2749 9009 4103 6695 1808 2093 2500 6067 4543 9156 9614 5078 3672 1998 6298 8917 4747 6239 1666 9675 3457 9135 5786 1389 2685 5402 1626 6787 727 1795 8642 4829 8489 449 3273 7340 2868 7816 6495 2481 9245 166 5434 1929 1781 7100 1603 1589 6234 3740 5271 9142 3248 1928 3974 74 7085 8562 3886 2075 5901 6753 6242 8747 5585 5486 5265 2767 7380 698 4696 4149 2650 77 2005 162 9226 7262 8027 1147 6453 4251 6146 6187 4532 1410 8954 1911 2108 3649 2608 9342 5391 949 1346 7273 2682 6598 3786 2859 4020 6472 201 9167 7618 3006 6566 8220 2051 2712 4406 2934 473 1196 8932 4969 1540 2361 881 7751 6790 2227 1376 9472 5176 5161 8682 7350 5533 5153 6907 5310 8098 8243 3504 7809 9439 2436 7519 759 3975 9879 248 1207 3982 7038 9785 5357 2861 4960 6869 2309 2401 3046 6211 3452 8519 9469 7420 4778 451 6660 9373 5163 5921 6715 6169 8550 9558 7706 3906 8770 9018 7127 6663 1326 9527 6060 3888 9330 4578 9709 6749 4486 9799 3858 7505 4267 9020 3893 2605 4941 6960 7173 7461 1233 5723 3370 5290 5980 8491 4307 9458 8985 1212 2224 4666 2141 1932 1415 2770 4965 6627 2469 9344 2714 8300 3291 6025 1825 7103 7257 3899 6824 8898 6230 5314 3205 5688 1541 1024 4381 3764 5689 6521 2048 3455 1800 4817 6877 3592 2573 6145 2657 7224 9435 8681 9048 2889 2289 9298 9712 1187 5528 743 7567 8194 2283 4942 2574 2398 630 5446 797 437 7245 5613 1560 474 3408 9398 5904 7808 6621 5339 2840 2021 4579 5129 1318 2667 3197 2019 3409 6565 2043 2056 9138 792 9038 4584 5826 8180 3553 7385 8653 8887 8050 2864 6694 1023 4554 5886 3043 5484 7366 712 6126 32 261 8145 9792 7375 1061 8186 5783 198 8977 1133 6917 645 5665 669 3781 3267 5071 2996 6313 6093 3901 2198 5487 9385 5915 2550 5510 2810 6 2089 6537 274 8671 7616 5602 3490 5100 486 764 9340 1218 7785 3120 4484 9207 6116 796 1651 16 9345 7137 5259 1262 7556 8848 7619 1736 8685 2621 406 2652 8223 247 7093 7084 4867 6432 8301 9551 2784 8209 2018 9932 9859 8386 9276 6995 887 3032 5398 4794 8231 9369 6318 3410 704 7984 4806 5076 404 9672 7859 8704 8674 3762 7840 3234 5779 7771 3092 516 6438 4653 636 5822 6402 5430 4052 5770 2571 6722 174 9796 7229 316 3117 1743 9872 9602 4928 3084 3363 6317 5493 6889 9409 6009 7013 1667 3414 9055 5536 1625 8792 5709 8587 2938 623 8055 4972 2366 7927 9381 9206 2464 1681 8781 3525 8189 5885 386 2897 1826 2053 7232 475 8198 5208 9266 4204 3195 6138 4518 2094 6362 8501 417 1494 8378 1980 6034 4262 6532 6420 7159 4710 9821 5298 4370 7149 4627 9016 1470 7822 80 2339 9320 2589 6828 1413 5303 6796 58 6512 2830 4319 3044 5601 424 4001 6045 2073 8370
9545 2987 2997 8560 808 818 65 7240 9508 72 6559 2097 3251 4324 3751 1283 2504 546 1340 5368 9727 2011 8411 5327 6191 2515 2102 192 4911 4174 8561 4456 3512 1557 3015 672 8726 3079 7911 8234 9502 4469 6682 2753 8792 432 4035 7648 7329 1727 7056 89 7777 8734 6279 291 7188 6470 5201 7713 5031 6008 1225 2939 9023 1896 1665 8453 9806 9898 4307 626 2931 7059 9418 3362 7445 7065 690 5523 6431 4097 5611 4207 2831 1890 4497 18 8359 6049 7730 9741 2057 5306 2680 7431 3553 696 5883 9710 593 189 336 3523 3599 6105 3236 7396 9521 3925 2918 5951 4374 8529 157 7204 418 1005 3573 5128 3405 1302 1221 5461 2960 252 9243 6512 947 1478 2574 7891 8018 2909 7765 1617 5365 1000 9012 4885 1276 8281 7187 5649 6809 3695 2852 3578 4699 2776 5058 4455 430 2630 9916 3389 2881 5510 6252 3827 6987 8825 8069 5005 8085 5833 6621 3449 6832 1984 4685 4459 6616 8223 108 3425 1917 9311 3354 2967 2087 7422 2516 7392 3689 2256 272 9198 4859 450 6185 3684 8518 7541 8120 4350 513 7921 7533 2496 8957 1992 5463 7180 2099 8887 5448 7761 8593 8415 9847 3355 2188 8714 747 2228 7321 1018 1425 2180 7820 3961 2215 6337 1501 6686 7039 2013 4606 923 860 3563 2914 6323 7094 1364 1561 2541 5477 6505 955 5323 9860 9494 389 6958 1721 4061 7975 9498 2592 2146 3458 4806 4835 1311 1492 1873 9675 2449 9147 6887 2363 8413 9561 9456 9776 7473 1997 5252 3978 9303 6927 8797 3667 7146 6869 4079 1472 6366 6671 3618 6176 1476 8452 7486 9319 6676 5822 398 482 586 6310 9938 362 3783 8286 1965 4112 3940 5243 4300 9088 5261 1445 5957 9340 9268 2322 6010 2885 8497 3837 7688 2334 715 5846 7627 6537 2595 4460 3474 8905 4397 187 9039 9034 2152 3150 2974 3746 3801 2061 5359 1597 8017 4698 864 6691 101 5187 7247 7788 7521 6754 8503 9718 732 1391 2312 5192 4864 7568 5940 5051 6606 4974 3554 6107 4299 3651 9907 2711 9009 7855 7080 58 5071 3770 7116 5171 5308 4363 2958 2828 7468 7812 8897 8200 5554 1209 9743 5682 1820 1734 7007 1725 4192 1305 5375 451 368 4384 8305 7447 4441 3375 1216 7909 8545 2875 2271 5703 6090 2018 4599 4289 7572 2159 4031 4341 7287 6065 6160 5372 3071 7884 9563 728 9610 13 1095 3993 4670 4893 4786 4396 2460 2694 9293 5334 1316 3499 7388 7405 5516 8339 1694 9439 497 2076 3779 4135 4492 6290 9506 3915 525 5421 4642 135 1785 2088 4127 2806 3332 5264 7202 5791 7957 6494 1124 9272 9992 6677 1859 3202 4722 1298 50 3149 5076 4185 7641 7718 42 1555 8242 5462 2548 8376 987 8855 6404 4318 4118 3605 8427 6450 7583 7698 2793 2446 726 4652 1999 1799 2301 2049 4948 7376 6233 8940 6274 6846 9687 8088 9393 4414 1686 379 9620 8089 1048 90 8046 1155 8516 4495 5089 2565 7288 3887 3291 8291 5885 591 7933 6388 7966 517 5763 3143 8524 5449 1230 7916 6214 9267 4646 5834 3707 5693 2275 1752 3199 790 6247 8288 9886 8526 2996 8176 4410 4437 8766 8695 824 3083 9211 2503 8845 2353 1026 645 9934 5294 3211 5552 9939 5396 9259 7670 1010 1534 8459 3608 6173 8164 9845 1160 8020 9108 1948 3137 7802 2771 6220 3364 1625 1416 2069 2651 2002 4296 1623 3906 7018 3164 2569 4687 455 9497 485 6627 7660 329 1325 4701 6784 7118 7837 937 6241 408 4217 2720 3219 2940 1074 7514 4562 4979 8100 7931 8142 7020 8969 8666 7474 8465 5502 4101 2476 5831 1777 7647 6883 1116 1071 5848 3708 7831 6499 7925 6006 9219 1143 8945 292 8657 9858 5270 3108 4140 9763 127 4780 7601 1572 282 8053 4047 2464 9829 8045 9346 4740 5513 6768 6939 9220 4598 3437 3496 6955 9007 991 2251 5650 5999 8460 7271 9106 2599 7033 9232 5706 8165 3184 7277 8446 1236 7676 7261 1064 2072 2155 7584 9725 9093 3156 4323 8882 3003 7629 7888 9880 3538 6343 938 4193 1032 2995 2357 4215 6624 7154 1803 9218 2722 7371 1373 306 7095 6817 9813 7769 5698 2815 1750 3586 3160 1629 7123 6319 4282 8474 8685 6603 7182 2899 3226 4335 1053 3876 8748 271 6597 2470 1643 3254 9565 3685 4157 8585 5434 4094 1744 3414 7597 6085 1849 8898 9692 6675 3934 6294 3856 6833 5871 8191 7885 9746 3290 4507 2695 5760 6149 2300 1676 960 1718 1712 1468 302 3498 1913 8397 6911 9480 5993 7680 1243 4354 5176 1684 8360 7555 9104 2597 3652 8745 7103 6346 4504 9604 8646 2531 563 6715 4243 8382 7016 4092 294 5412 1002 9773 7756 349 3804 8998 5739 4510 526 5423 8885 4976 4526 7833 4980 3270 4936 7677 4126 891 6322 3008 7805 9388 7250 6186 2755 1341 8166 8955 2274 5395 2758 7623 7485 7267 8148 4906 2689 3385 6234 3566 1217 7565 3188 5241 7313 3394 7915 320 1198 7302 3922 3735 57 1614 6565 4574 6660 5519 6847 8406 8277 4470 5890 1895 7148 936 9733 4501 9922 7297 8777 2537 1352 8523 8024 6072 7753 1945 9807 7809 9910 6371 6570 5581 1327 2870 6402 7217 1722 716 2051 427 448 2904 348 7744 5476 280 8295 3998 731 6318 70 4614 6228 8995 875 2598 7728 3796 7191 9660 5123 60 2413 8691 1176 9406 9578 4561 9853 2481 1260 3948 9424 6735 4227 7085 1309 387 6143 3381 1489 8578 2330 9217 2374 5873 5228 7496 5932 3459 1775 1943 3037 2687 1795 5517 3946 5742 4940 7032 6320 4116 5747 7621 123 3450 7353 1612 2028 6035 4401 1907 2407 8248 4190 47 785 7649 8173 2727 7037 7211 873 2553 7508 2966 3845 4540 5637 9205 5007 9617 1304 8980 9740 4753 6332 7703 6780 8718 1234 7532 624 3640 5779 4814 39 6563 8814 4563 5641 5850 1774 2865 4754 9281 5830 4950 172 1467 4155 5179 1083 5458 510 7174 6562 3193 1228 3342 1911 2461 8886 2453 3004 51 2491 5918 8864 1559 1065 5178 4423 5819 811 6605 768 7334 8071 1274 5505 9373 9031 9645 2566 258 2986 828 9071 210 9713 1523 3213 9764 365 5483 8627 3769 7041 5299 7815 1862 4419 8981 9794 8841 255 8658 698 3337 8030 9728 2981 6947 2318 7774 5407 2528 7487 3281 2092 3602 3645 7574 8580 7414 966 4623 9064 8781 6484 1524 9551 5465 7669 8392 2071 6326 5441 708 5168 4006 7856 7057 1780 3263 5936 5618 2895 4380 5571 6540 1953 4150 305 9271 8773 9368 4403 1608 7243 3953 3424 8696 5494 7589 4136 901 8296 8653 7159 9048 6773 1336 2401 6019 5715 2558 4019 8473 9214 3289 7245 4933 4043 5204 2175 7996 8628 3438 4121 827 5673 6481 677 9991 8764 7461 3115 99 9861 9134 2165 4184 1691 2535 9008 905 2176 2604 2189 6218 7807 4364 4213 6434 4153 904 6907 1530 8082 8279 7995 4230 4553 6758 1690 7667 3208 7903 6800 8438 4843 7906 81 6400 4287 4206 5002 6863 6992 5506 250 7035 2199 8528 588 6761 6522 1170 7665 9631 2859 1683 2838 7113 5550 9677 8819 8127 5251 5745 8765 7901 6303 119 4764 9646 5624 8881 9895 2659 7432 4774 9598 7119 8208 7278 9978 9890 6468 3442 4724 1028 8992 752 6198 4689 8878 1449 6786 3995 5701 9440 4113 464 9085 9736 5697 5331 8746 104 4696 23 7751 1814 8230 1381 8143 8119 7848 1585 2843 5227 6928 3594 7968 8824 9225 2818 4925 3282 1741 9628 9369 3789 1310 4467 3268 1414 9162 7327 7871 6896 1822 5989 3406 5183 6685 5129 4098 304 3322 5757 3121 9948 2754 6338 5928 2122 126 7237 6588 9745 2101 9386 6870 9428 7256 117 1249 9597 1212 1006 4779 3885 7690 6259 4334 8693 7655 4449 6034 8604 749 8787 4942 3028 909 1419 264 3848 1164 1618 5949 6901 4839 1728 4955 9328 3753 2518 333 4883 1142 7087 1093 3867 3737 9697 4615 8875 990 7642 9783 2408 4257 3631 9923 2226 5931 6824 7064 7658 7332 8371 6985 1084 3669 9994 8042 3432 7459 877 7602 573 8643 6476 7914 2636 2611 321 6893 6596 5470 2171 3419 6180 750 8185 847 502 7192 313 5035 7826 1500 2712 1779 8424 1354 8254 3990 7216 3009 7234 3456 9055 1978 9374 7940 8157 7899 7672 4659 4503 5161 5937 2079 1825 2912 7114 6002 763 6177 7780 9186 7530 2385 5522 9601 1456 9408 4486 511 7738 3860 4802 2246 334 2701 9918 4993 7798 772 86 2851 8329 2998 9964 4330 3760 6140 2109 2946 21 845 4819 4244 6797 6053 5699 6205 539 2561 4398 3715 2539 2767 2456 6075 564 9580 2579 7001 2430 7259 9998 1588 110 48 3055 7608 4225 1851 4041 278 3902 245 7168 2814 538 7917 2880 9429 8999 5646 8236 1426 356 9562 244 7615 5911 5340 6020 6575 5602 5426 4183 2846 6003 3238 6280 6286 9835 9799 5452 6724 7715 8331 6152 6713 4388 4490 2889 2202 4846 8802 8798 4713 4137 8013 7084 712 9966 2510 1246 9163 8512 3630 6268 2235 941 1719 5310 8655 6401 1462 6729 2201 6209 5970 4402 1054 1123 9865 5835 3688 4229 751 4195 8348 3357 6643 1977 7785 4596 695 8725 2666 6005 3731 9067 7466 1801 2147 9666 4361 8116 419 5414 9239 9970 1630 9 5859 759 53 8826 9761 5468 3786 8222 3252 8916 8328 1047 4920 8410 6465 8737 211 8612 4571 1525 2317 7846 94 7854 176 788 4964 6580 5966 421 6341 1433 914 1037 8939 9364 9986 1101 2802 9837 7984 943 8906 844 2467 5242 9512 312 9560 9605 4517 9735 6745 6315 2710 4142 9920 5748 6100 894 2085 7200 8667 4886 3002 683 9846 9501 3501 9357 9812 3060 8962 680 9146 6511 5460 2762 8908 9570 7089 4086 5317 3189 7401 388 9997 8639 128 810 1256 310 4756 6842 6473 4167 5803 7152 3313 7860 14 5124 2626 2775 5942 8697 3030 1971 4013 2570 3301 7766 9310 3297 2756 9437 2646 396 6599 3901 7881 6908 5009 9175 3229 8839 1088 3250 3963 3714 6024 9904 1599 1072 9285 3569 1437 1855 3221 9202 6517 8309 6952 5514 8704 3550 5766 2936 6810 774 4009 6542 6301 3589 9777 5139 4677 9378 9101 4742 5402 5356 6340 993 6260 4261 2847 3462 2348 8122 7861 3177 7215 3626 6112 4024 6917 3404 61 6693 4894 1089 6071 347 7824 5702 8521 648 3046 4909 5892 611 2605 9196 6270 2372 3484 796 4836 3859 775 4072 3819 6195 6541 7342 4064 8595 5863 1640 6994 2324 3884 7605 3397 2840 562 9109 7732 8944 4879 9154 2777 7458 9928 1529 2976 3041 6339 5869 383 6755 4463 7818 2454 9590 6493 7194 9889 5529 4108 989 7444 6285 3069 7242 5438 5845 1051 8931 1816 9249 1972 4506 5117 2354 5429 4737 1921 7425 1810 9305 8544 4290 6646 6734 2930 6154 1678 4719 1998 2728 2788 1658 4603 223 3629 1692 6720 3974 7283 2149 8710 8174 4069 2487 2610 2230 1791 7505 2871 8436 590 7717 6743 2632 8788 5092 1711 1575 6066 9721 2530 6288 3349 7990 4331 2035 4709 9317 3209 7014 3842 5852 2803 7643 6659 5082 7248 6036 342 5020 5286 5433 6730 6860 1498 5741 4138 6151 3730 8468 4791 6772 3853 7999 138 1628 6849 3839 9983 3508 8920 7107 5263 7449 6900 3056 111 5857 4868 2007 9581 3335 6543 4371 6459 8722 794 8936 8919 7501 9458 765 9297 8408 7090 7640 6497 2658 8370 4861 3237 4442 2924 7255 5164 9382 4002 5977 4795 1264 7476
10
29721865 16910208
42903186 28469220
47413080 1825200
18495322 3001116
15976935 801132
8781544 31911850
20094756 2737
4184046 13986720
35221632 48898749
61511042 43661695

10 3 8
7599 1681 8954 9295 6602 1734 944 4846 4887 5915
9207 2606 4627
6480 9510 6710 7979 4535 2859 3656 7416
10
4380686 36918833
54459405 16916312
30547454 19326096
69963993 20793274
8903420 15319504
41792625 13856928
6942600 41471280
4827396 427479
4367888 73462653
44113028 49323498

3 9 10
3228 7496 752
4945 1028 8722 7412 3190 3129 6106 4928 6075
6830 4744 270 5818 8905 7488 1267 2924 2254 5352
10
7314112 38696170
2723136 5330016
28154616 14459180
23873760 1165725
773056 13762924
23925936 17763300
80405675 33769824
9825632 11355666
19710168 65310336
4591712 28770010

2 7 6
2308 2286
9939 286 4010 4559 6544 8684 4849
8531 2571 1713 8295 6717 7337
10
27360114 12011970
6815928 9174260
19851624 26935170
11191492 38892829
19851624 82444005
15317682 23075712
22721720 22410414
660088 41366819
8263132 9277254
653796 11721189

4 6 4
9368 4854 1040 6308
5140 4921 4105 9405 3628 4048
280 6764 2303 9454
10
28497980 2585844
23886534 2633400
15423954 65863406
48151520 8355284
18143034 18285904
19925670 1133440
63265041 10846278
59326740 1133440
9781200 1439200
16856385 4624760

3 6 5
9405 54 5797
5371 2307 4330 2584 3240 6073
8717 1510 8143 4152 3476
10
18782280 15051080
14798164 2351436
13614480 31532880
290034 17978160
14412000 13959517
65648 9662744
233820 52938341
1190703 1550340
25101010 11262240
14979448 17978160

9 4 9
7998 2872 9686 3175 7811 898 8938 366 2176
9455 9890 8699 2759
8833 5623 5926 6134 37 4208 5785 1143 3910
10
9785424 43522844
20574080 15960815
24943662 11691232
30019625 60665260
75621090 60665260
3082384 7554419
28404080 57996970
3183834 39786640
7152020 27136566
8062947 49555105

6 4 3
9826 2440 232 1971 3740 1388
9296 5546 538 4876
9364 2912 3111
10
91342496 51932744
26174880 23261799
23465202 3899628
5930148 38792754
34767040 45658864
8780848 25701312
1060398 45658864
5286388 45658864
18236240 17253606
18931743 1621788

10 6 4
1686 1912 912 1293 8953 6249 6315 3648 494 8264
4795 3502 2275 8206 78 2092
6902 6057 6920 2045
10
38654028 67118766
17288288 9805775
13835316 29043315
3886470 2665278
33814209 47724768
21883998 29043315
11063661 82236352
644592 33095090
2074800 24170804
36415190 54448772

6 8 7
6497 7202 2974 5251 671 3479
3508 7343 7126 8177 8681 3102 9114 68
1518 794 932 2759 9662 5780 8408
10
47679558 115980
18636556 7934110
202232 17929560
29702484 2192916
2081442 9678572
74482302 10766256
46297622 6843676
73073664 40769888
6115494 187612
21838082 571744

5 7 3
2729 329 4022 7675 7831
3646 7586 2813 8521 1328 4222 8381
7320 5644 9176
10
2949399 31748220
58222550 23828968
2322627 3264240
64324175 12185728
49293387 42963210
72164739 2844962
11850430 4755424
30510892 9720960
21589775 20578024
5341216 26688720

1000 1000 1000
953 5443 373 3181 9949 5653 4057 4657 1831 5557 4993 7927 2663 5869 1531 3851 8663 1789 4391 8011 139 433 7537 359 2063 2797 2903 739 7411 613 2141 1861 6379 2719 5569 31 9203 3389 8429 4457 9811 7027 2591 5923 3163 8221 421 1933 3517 8753 7369 2417 8219 1163 8689 4567 4513 9833 5647 9161 2017 8171 9283 8971 3823 2311 1289 8009 997 6269 1013 8609 2551 7487 5281 4273 1303 7879 8669 379 1601 6037 3023 3301 947 5261 8699 5879 5101 4363 2693 8059 3323 577 709 5077 1949 5347 5039 3319 7573 1459 1103 3011 6299 2729 1213 6883 4723 3583 509 6131 9739 9539 5741 8539 7559 8209 2879 3847 6247 4733 661 5659 647 29 4441 4261 7649 6421 9547 1031 2953 5813 5987 1777 2897 2861 499 563 3673 383 6803 41 2131 4451 8297 5623 2129 8269 6203 821 2287 1657 2371 593 103 3607 701 9803 8741 7583 9323 4787 1523 3691 6661 5737 7937 631 8087 3049 1117 2411 7207 1451 2341 8521 4139 9631 8111 3557 7213 6833 1453 6553 1913 4871 2543 3853 2351 2 3343 677 3803 251 7603 4877 3617 2309 7681 6599 5503 5323 8747 37 8647 8231 2339 439 7823 7309 929 2833 3467 8863 5801 3491 317 8089 2671 9419 4813 2083 271 6907 9697 5881 4597 1201 1181 863 5227 277 9199 2713 1327 311 479 5051 4003 6571 5701 6547 2069 8819 1669 4639 5449 3041 8803 2609 8537 7933 1429 9721 1901 4957 6947 4517 8893 643 5431 2633 6079 173 2857 5437 9749 113 6451 7687 5309 3877 8923 7499 6781 307 8069 3119 9643 1879 6581 5171 7433 9221 9871 2971 9677 3329 9029 8779 6619 9311 4643 7129 6607 3889 6133 4159 6367 7321 283 3719 79 3499 6211 269 2437 3727 7489 8737 9173 4421 7741 4729 443 3701 9059 9467 4007 9067 3779 7331 7393 1409 691 1217 1091 7669 4093 3593 6701 1483 7907 4349 1721 3089 4157 971 2659 8039 8147 4751 5779 2113 6679 107 7717 7789 5939 9433 2621 5231 6871 2207 3391 4099 4583 4027 5233 9661 9137 503 967 9277 569 2647 5023 7591 2927 8389 8599 4519 8677 9431 5099 1063 3221 2293 9341 9343 1097 6971 293 9817 9227 389 3511 7963 6317 8681 9319 5 5147 8443 1487 6977 137 6397 5413 1847 3347 2917 2357 6917 3461 181 6779 6229 3457 1637 151 2687 3191 8831 541 3559 1249 6991 7793 163 1889 7727 3257 4759 4783 8783 7351 1151 769 9491 1427 6221 9719 8447 3413 2161 1061 5113 83 9791 5827 1171 53 9473 4271 1193 2237 239 9151 4523 3769 3989 6863 9619 6793 8081 5581 5849 3761 7151 1399 3943 7817 9941 3299 6703 9787 523 7951 2441 5399 2423 7121 5903 1709 6761 4019 8563 9371 487 461 6959 5843 3881 2269 2027 7253 8969 619 4373 809 827 4111 3539 4817 3251 3739 4051 4637 883 1997 2393 9649 8641 743 6353 59 4297 5521 9439 1069 7187 5351 1987 157 6823 7237 1301 3677 937 241 1297 9103 5501 8123 9181 131 7517 8951 5897 787 1039 1663 5861 7639 1123 6199 8093 7283 1579 6359 179 6427 9127 3001 3697 211 8101 9629 6263 8999 5821 9403 2819 797 1277 599 7079 8387 2741 1051 2029 2389 6217 6197 3947 2887 7417 3527 5059 3307 9349 1753 4229 3373 1109 257 4397 7523 1033 2273 1279 7481 8597 2459 1423 3923 3571 8017 6829 1951 641 4253 2347 2549 3061 9041 5189 4127 2081 2801 6301 197 4219 1873 2011 337 3547 4463 3079 1619 5417 4663 3433 367 6967 2999 8693 4889 601 1553 7457 61 2179 8053 6329 6143 3137 1499 1973 9767 5107 9049 8419 8713 3541 9157 2939 3709 6569 13 7333 3407 1597 8179 6857 4021 6949 5179 191 1907 9091 3361 5717 3581 5783 1187 1583 3359 6659 5011 1229 9281 9437 5237 4651 7919 1567 6709 2267 3907 7159 2039 7349 2521 6551 8293 1307 4933 7109 4423 4831 9391 5711 467 2837 2221 7297 6481 1667 9479 1381 4357 4951 6449 7673 8377 6101 4547 9007 4231 9209 5807 97 4649 6653 7451 8237 101 4973 8849 5119 7841 6163 6271 6841 1129 7247 7243 9011 5693 8423 4283 521 331 7853 419 3637 4073 3259 2969 1627 6337 4217 7057 5573 3821 229 7103 1741 9551 7013 2657 4177 6997 8861 5641 43 9923 1877 2683 2843 4999 6373 2447 5851 167 3167 5297 3911 4909 8287 7607 8933 1571 3931 4201 2957 9497 6521 5419 1723 659 4001 1759 8311 193 2731 6719 71 2281 911 683 1697 5081 2791 9829 4483 6173 6869 1511 4561 2689 3271 1321 3313 6491 8501 1931 4507 6733 6577 5393 8467 757 353 4339 9679 3833 4799 5009 857 263 6737 7229 1699 2399 4919 5527 6067 3229 1867 7541 1871 9907 6361 9883 7219 4049 6073 4481 853 1367 8263 2381 409 8839 5563 6091 4721 6473 2777 1543 9461 2767 1049 223 5477 2239 7699 5953 2531 6763 8513 8369 1471 2789 7691 2003 7529 719 4931 9859 6827 8707 1999 1493 4327 8317 6311 4079 7873 4549 7759 1607 7877 6637 3529 7177 991 4903 2477 9743 607 3067 3 3217 6983 3623 4129 9511 1231 6911 8273 9839 8167 1489 4789 8191 1 2473 7993 3463 7 1787 3371 8329 6791 9781 7561 6343 7577 401 7621 4013 6287 6257 8353 2707 2089 4937 2333 6691 7829 4703 9587 4211 2803 2099 6961 7703 8431 3631 8719 9929 1283 6563 8363 3331 5639 6899 547 1747 5507 5387 2699 2053 653 2963 8731 587 5591 4679 9623 5003 6011 1319 2383 3037 5333 313 9337 5197 1609 431 4259 8623 6469 4153 5839 7193 349 5743 4409 2909 5087 4943 2377 571 5689 6121 4243 4967 3253 6673 823 9043 449 9973 3643 941 1153 491 1021 3613 8161 2503 6047
5303 2447 4001 8783 9091 5807 9811 829 4027 1093 3271 6563 3221 4603 4339 8467 6269 8821 2 4919 2557 1283 8017 8209 6703 4229 811 7741 1667 101 631 9941 9013 2957 5779 1847 7753 443 3313 1321 7331 571 73 5381 9413 6427 2347 5039 769 4021 2341 1033 3593 7243 277 8443 5077 5563 8689 9769 5521 907 2749 5003 3061 9433 449 5987 251 1163 6173 5821 3881 2819 617 6883 8707 1579 1301 5477 4363 6131 5309 173 8419 881 5879 709 1759 1523 7417 8753 8803 313 9521 4817 659 4007 1409 6869 8747 8329 1063 5683 421 6473 821 6199 4561 677 9839 479 971 1367 1549 7369 2011 2711 7559 3533 3739 6311 2423 4273 5857 1153 9007 3613 2851 5869 2473 4759 757 1949 5479 7681 3067 5399 2441 5233 3209 9181 509 5261 109 2767 1601 2939 3923 9349 719 761 1879 9067 6949 8089 4337 389 7669 809 9109 8887 3049 8263 6577 271 3709 8231 2719 6571 5527 401 977 4211 487 9439 2633 4421 197 6133 1303 3851 3919 2383 6551 2903 9749 4877 3203 127 9461 6569 1553 2273 3331 2503 47 9739 3727 491 1789 1447 8597 8161 5839 5197 1597 7039 6011 3359 3083 6257 379 1487 3803 6653 1061 857 8849 7253 7451 7927 9473 1373 9173 1399 773 2671 2543 2309 2251 8537 4349 1697 5639 4073 5623 9539 827 6263 2621 2789 7649 5023 8681 3361 7309 9787 1559 1201 883 5519 5297 1663 8837 8009 7349 2803 193 6659 7643 9901 8969 5927 5851 6959 9479 6373 5689 5101 9923 2269 8599 1499 6203 3181 2699 1733 1471 5471 2371 3583 9511 2689 4903 7517 9311 2741 2389 8807 2843 1871 1787 1811 79 653 3719 6361 4133 1823 7307 9931 2339 3307 9103 5237 7607 8647 8731 2693 7829 4871 619 3191 4177 9887 6599 599 1783 701 4057 7187 8641 4153 4999 2377 5981 113 9629 9371 7993 7247 7963 3581 1877 8191 9871 9161 9791 6983 2969 1613 1277 9949 7151 4447 521 1021 8243 547 991 6673 8677 8431 2213 281 8317 6037 9697 1249 3217 6763 8623 8117 8971 2053 6521 3511 9397 4289 8269 863 2131 2801 8123 7951 1627 2113 8627 223 7433 8761 7207 4987 4019 7817 9341 337 7321 8963 9319 139 7457 4909 3167 6073 317 1913 2137 7841 2539 151 1459 1291 8293 8527 7867 2417 6823 7109 2531 5717 1747 7027 9743 4729 6829 8999 3079 641 2161 5333 4093 9817 7283 3041 1013 89 2311 431 3089 7873 2591 5801 1723 9829 911 9431 359 7547 1171 1051 9029 293 6793 6619 2791 1657 9157 149 9059 8377 5657 9643 503 3499 3889 8297 4649 11 2039 2963 3461 467 5813 2753 3823 6121 9907 331 8839 593 8737 7523 6151 5209 1669 8171 4751 8221 601 4261 9719 9227 97 3659 2971 5867 6689 8923 8311 5843 9623 6907 5179 8429 4003 6803 3559 2683 6553 7001 2207 4943 3673 461 9137 7877 107 311 3697 2677 4639 9613 3631 53 179 1297 2999 8461 4139 2399 8693 29 2087 4567 6733 5107 4111 9661 7529 9281 3617 5147 7333 9187 4733 4673 5711 6833 367 6637 1453 9209 1531 1439 8053 1907 7757 1091 6481 2897 5791 1873 1231 7489 8609 8521 983 2657 1619 8273 3187 541 3163 7393 2089 6857 7907 3023 4129 8069 1187 683 1123 7937 8423 4721 2579 8861 257 6067 409 4621 5171 9001 5431 2437 3469 6607 2293 1699 4937 1 3527 7949 5503 4973 1867 233 941 919 1319 1129 6301 4391 5441 3761 6841 9203 7687 8233 263 2887 1307 9677 8353 2333 4099 8563 9419 4889 5059 1493 8543 5407 6079 5189 6101 4373 6701 3989 4201 4523 6229 9551 3299 5393 8147 9467 6971 3643 4547 5413 2141 7159 239 1009 8573 6211 9199 1181 8663 2063 1741 6353 8219 9833 967 3467 4583 3329 3931 5861 7577 1609 5653 1117 3343 6761 3319 7853 4787 8831 1193 1973 1831 5939 4231 3847 7793 7541 8933 4549 2027 4813 7043 4493 3323 3037 17 5701 31 6917 1087 1451 2609 613 7213 2833 6779 7 4519 6529 2467 9241 4463 839 3779 7549 1721 5387 5741 8087 3769 5437 6247 7481 2237 9781 9377 9343 163 6379 5449 1583 6679 3259 2239 6491 6827 8389 4357 887 5641 137 563 9851 7621 5659 3169 4049 8101 7589 8111 6113 5443 6997 7699 4591 5923 7229 2797 307 7297 6863 4657 4409 191 6143 1709 1621 349 6007 241 6737 8011 661 4423 3121 4517 9973 7717 4789 2521 3767 6217 8713 3623 8369 2393 4637 4157 4217 5591 1237 6547 1753 2099 6047 3947 5281 4643 4013 6287 4441 181 43 3301 8741 1259 5737 4723 9689 5647 9497 1889 2069 1567 6961 2143 2017 7013 3907 229 7723 751 1423 3877 1229 1049 1987 419 3119 6089 3257 8093 7583 3229 457 3607 3833 5849 3793 23 7057 7933 2551 5749 6197 83 2647 1031 7603 9043 2381 607 1481 5573 7351 3671 3853 2243 5557 2617 5531 7487 9049 6397 3911 3541 3529 6781 4679 7069 2927 1993 8629 1039 4931 5081 1693 3691 9293 4799 59 3019 4507 7127 3347 383 5227 9883 3929 7193 3373 9133 5827 6359 2111 9011 2549 3001 4831 8237 2203 9631 3539 577 3457 3491 7537 8387 4793 71 4933 9323 797 8059 1483 1637 61 9491 3517 7411 1489 929 8951 6299 7691 1607 7703 7591 2707 3389 947 1361 5743 1097 2357 5119 2221 3433 8167 6451 8539 6691 4051 6043 8893 8699 7507 6719 8501 5279 691 2459 6323 7789 6277 9859 4783 5903 953 3677 7561 6947 167 9721 997 8779 4481 2837 4297 5113 7759 3557 1997 2083 8081 5417 4703 5323 9767 8863 853 1429 2663 1951 4091 1217 2287 5501 283 9337 3 4651 6163 6053 647 4483 4513 6449 131 1427 7121 373 787 3547 5897
9431 6353 1423 6793 4703 7937 3449 8677 9341 5231 7019 4643 9497 5623 7757 6091 7873 6211 8111 8317 7013 2213 8009 23 2777 509 6833 3917 7993 1987 3571 7457 2039 9161 7927 7459 467 4969 59 733 3323 8443 389 2683 6229 6779 887 6143 8627 2617 3361 1033 929 3457 7829 4987 751 1997 3119 6547 9839 4139 9337 2293 6761 2699 7963 3037 6317 439 4813 2711 6899 4759 3169 8293 1303 1913 4441 8821 6829 5801 5821 4733 4493 401 7417 8431 7229 587 127 2803 9281 7001 7237 3709 9871 43 8087 8377 6311 5021 3257 179 6971 8707 5659 5099 769 2713 4621 6997 8243 7 7717 9371 1523 5023 151 8999 6659 7621 9739 89 8629 3499 41 8737 5153 1549 8971 9151 4583 7669 4831 353 1889 8353 9643 139 8941 7411 9661 677 6101 2833 9463 5113 167 7103 4903 3373 5743 2161 8179 1193 9239 6917 5591 8221 6089 3911 9601 4513 1559 6619 3511 1279 6911 2543 2207 6581 3539 9059 6571 7853 3463 3821 2879 823 5077 661 7559 2273 6673 9467 2087 4253 9091 7433 9679 4021 6719 5813 2909 1777 7177 1019 5347 7489 2333 2557 4943 5807 9109 2239 4219 9901 521 6577 6361 2843 1249 9199 3877 4241 3313 1873 4663 2837 593 8419 5953 9293 173 5009 2659 9257 4519 1663 2551 9277 3347 8291 5669 337 2957 4919 4451 1151 9043 373 5 5437 1091 1039 7589 7699 1319 2789 8209 4409 4679 547 7283 859 9067 1741 449 5641 5653 1627 9929 7159 4397 3727 9907 8713 3761 5387 163 2347 331 1097 3623 5227 2027 311 6301 7603 3461 4051 7823 7753 349 7151 307 2203 7079 5189 7127 6367 1277 5471 7883 2459 4909 761 7583 5519 7517 7591 443 8831 3203 2971 4637 5573 3559 9817 6263 6563 3329 2861 8719 5827 4357 6329 4951 1021 1787 431 1013 1823 1061 2251 9029 6163 8599 1483 6247 1901 4483 6491 7703 6871 4211 647 2903 683 6029 5867 2447 9551 7043 4799 8699 3881 8581 673 607 3931 2399 577 71 1069 2819 8081 5749 1259 8933 8539 3923 2579 8233 4783 4229 13 1861 1613 5857 617 3733 8389 4861 9473 9479 457 5407 3299 6689 4339 5281 3209 2609 4751 977 7879 9967 9781 4007 4787 3617 9887 2339 2179 8423 9001 5107 7901 1453 1297 17 6073 8663 6121 1231 4093 9157 6449 269 9851 1481 4447 4603 2281 1747 1667 2647 2389 1373 1699 8609 6131 3557 9413 1171 3613 5501 367 251 53 1877 2 6217 613 2851 8681 3083 619 9791 2719 1217 6827 1511 4049 1553 421 5521 8039 3989 1291 7523 3109 4019 7211 5309 4231 79 7867 199 19 1831 3343 3527 8537 3517 8969 5171 47 8837 4013 9127 2089 5531 5179 9209 6521 4079 7247 4129 7673 8573 4547 659 5503 6803 3967 3019 4421 5563 8387 5039 2129 3643 4273 2221 191 293 419 809 9283 2753 3929 2063 257 9311 5657 4871 3673 3041 3359 1579 787 9461 7187 3779 6299 5483 5147 4591 277 8731 2707 8429 5779 1439 5689 3331 4967 9511 691 3221 829 1867 4217 6977 8741 8273 1931 9533 8783 7057 5861 4549 6257 4363 9619 9767 9539 241 1321 8753 7213 263 5851 1451 6359 6133 31 5003 5717 8467 1103 8623 3413 2297 4691 9811 919 5419 9677 7907 4133 1381 1367 3271 4801 6271 5431 2731 4153 8447 2671 2099 9041 2411 83 8123 8543 379 4937 1213 7643 6869 2689 9547 9803 6863 8117 503 1871 5987 2857 6473 8689 541 5101 2269 2917 9941 7243 2633 2131 6653 4373 1087 2309 7933 557 8923 3701 3541 8059 1123 1289 2069 3947 2657 4099 4889 6551 4789 9437 3167 1459 347 4561 4999 3863 5087 113 7027 8893 1499 2963 3181 4243 1783 487 599 4027 3089 6007 3137 643 9011 2953 6343 233 2437 4723 5569 9323 6703 9829 397 6883 4507 4463 313 1493 1283 7351 1409 223 3581 2113 8287 1607 3659 8501 8171 3307 7451 9649 239 6701 5351 7537 6197 2003 7477 6277 5279 883 4283 5651 3793 8089 11 7333 6053 8693 1933 2591 3719 2287 5011 6763 4973 3023 997 773 2767 569 6691 5897 4651 4657 3319 4261 1229 3217 1879 7949 5479 1543 1723 3371 6983 6857 2351 1847 5581 1301 3637 8191 7309 1471 3583 5843 1433 5741 6287 877 5881 9049 3229 7691 863 4877 7207 2111 8803 5693 8311 1163 797 3391 3163 2477 8219 2467 4391 3823 1447 6679 811 5297 6553 3547 9629 8329 2503 8597 4729 281 5167 1721 631 1637 8011 4091 5981 8167 3079 853 967 9743 8861 1709 1201 499 3907 5209 6637 9007 2017 227 701 4201 6529 7039 653 409 4649 6421 7561 7481 5701 727 6337 2801 4457 6481 7793 8867 4327 2143 5303 7607 2897 4793 5237 9103 4001 7577 2473 7547 7331 5449 5783 4567 9521 8363 1489 6791 4159 1597 9187 2441 3803 8053 1063 4957 9319 8521 6079 8747 9787 3691 1429 3847 743 3191 3049 8849 1327 983 7951 7129 3061 7649 2029 2621 2677 8647 5233 5869 1693 7741 9397 5879 5261 9241 1951 3407 5477 37 5393 4721 1657 2137 6397 5413 7529 5507 7499 2393 2237 9949 5381 4111 4073 2539 9973 6113 9623 6961 8641 6269 6709 5417 7639 7817 821 5119 2053 8963 6991 9419 73 4057 1187 61 9859 2797 523 7369 5081 4639 1009 9221 1117 4349 971 1 8863 7253 1811 5839 433 8297 7727 991 563 9697 4271 3253 1487 6173 6067 6959 5923 827 7297 6841 109 1153 6599 5927 3011 3631 2729 8093 1973 3833 739 181 7759 359 3259 2311 3001 4423 8929 1753 2939 9377 2153 6037 6661 9403 7487 9883 7321 9013 2383 6469 3677 4297 5323 6947 2663 1361 283 1049 7687 317 2011 491 3491 5647 3607 6323 4523 7841 839 8761
10
3292607 36541117
9507059 58197401
1748683 39626179
20621687 944057
56181943 13007779
43416949 5352929
64814381 20321839
44107309 7673921
4164659 46075153
1019171 55211711

5 5 9
3501 1435 7691 3945 9774
329 4468 1772 5 4257
9127 5571 5475 4239 9844 8859 1781 9574 5189
10
15642468 25945
2892960 6705204
17626260 16173044
16793865 24891228
311410 963656
59701620 4753588
2542820 585949
12192232 1859232
3215646 38853639
21080880 25082565

8 8 8
5896 3571 8162 437 7472 6462 6813 9733
8337 4223 9695 1001 1161 9390 3324 4416
4568 4115 6624 1230 9848 2052 707 9786
10
13294512 12387365
29291760 65075395
29771427 20172288
28671078 3771336
80867589 13410969
79130590 38083416
70162080 10254510
30145113 26856405
1452588 9857848
36043392 13678260

5 7 9
6811 2833 6371 5422 2707
5458 1381 312 5323 3522 7647 7419
9448 1098 3962 3271 8397 5275 1238 1873 7052
10
2760574 1040468
9977826 51567184
9405991 52318788
15462514 342576
8566614 90594808
8798351 21089726
10652814 63192143
24446730 1868860
29593276 52318788
20842184 18950328

9 6 4
8365 4959 3586 9512 8230 3315 8362 9223 456
333 278 5778 982 4805 8725
6232 560 8072 9054
10
23827995 2075256
12196762 337470
56959926 7128000
31287850 3014982
6326542 18677370
2993220 13704911
40193825 46640016
56338497 55164375
40193825 46640016
44316515 7926704

4 7 9
1417 8508 4105 4988
3694 8479 5385 480 4278 3010 1267
5196 3277 126 1976 8553 976 5213 6510 9428
10
72139332 6583332
4797884 80635675
17220625 126480
35495040 78340824
15163870 14019006
12014743 1236592
6061926 4525440
42580818 18152315
24839686 13190800
17561190 15639960

5 10 4
3759 529 6483 3098 6878
8466 5622 9492 605 6683 891 1784 7138 9772 6496
2307 4453 9670 786
10
42802236 13177980
536085 3125700
31823694 12969954
20124608 5252838
2274195 91787640
3349269 22544004
24444000 40496743
26831742 7944152
5582192 28776114
2453932 39823695

5 8 7
2473 6498 6586 5607 9675
2264 9020 5966 244 8238 2642 8451 2217
8080 5964 6493 55 206 2099 4829
10
14753918 17291562
87268500 39781302
22534408 8524014
79702650 10932856
15453585 9304134
59974043 3985497
12694248 28809814
1630657 15610174
19543050 846522
12694248 17738649

10 10 3
4909 8737 7417 9871 9697 2027 5381 7283 7691 9791
9931 587 2089 5197 9521 3491 5407 2411 8111 9241
1753 9473 9791
10
8256767 7556869
15095827 31927897
7076257 22839403
2227681 44068511
93220111 50883827
17559313 6119723
16812071 76648181
12654113 1073929
19299067 49231181
52939937 90478631

1 7 9
9939
1184 765 1262 2057 6596 8947 4733
6793 3624 1902 1312 6244 8615 1129 5251 7479
10
88924233 29552852
7603335 77078405
17794139 26628448
69421200 4537854
36829353 24657750
65557644 7392896
7603335 7879928
16188258 26710680
81918222 5265000
47041287 5721435

8 3 7
7820 564 6281 9782 5774 8492 4320 7112
6292 4088 1777
4387 1881 9860 914 6953 3307 9907
10
5592240 8165830
50319676 7646752
86355120 3864736
39520052 5876539
7378470 55982668
29073856 11835252
17660160 62334844
6979285 62919960
61548344 17934056
3548688 1624178

7 4 9
8509 3323 8817 1994 4995 3712 7074
128 5703 1949 1976
4570 9336 9621 4567 8325 9388 3744 5614 1044
10
17184333 18447936
49074272 181589
40436370 46640916
18951069 7297056
425344 18550688
31182960 40564830
9163773 41683275
38934729 7392378
40343022 1201664
48526827 2062944

9 8 9
1892 9055 3586 3147 3129 4820 6930 2106 4904
4925 791 5010 4556 5050 1525 2849 8944
5066 7969 3690 4546 1766 6168 1562 1023 9965
10
22342624 31148400
10551060 1396906
39832572 783580
19735394 4271800
50154335 17551815
10372050 15196625
19641270 51131962
4854500 62599600
8914521 33003360
3812620 45400540

5 5 10
3889 9203 1447 5839 8609
2053 1187 2063 4271 8081
4817 5077 6959 3257 5209 7901 2729 6733 2593 3923
10
16609919 3866059
9765797 9894961
5899897 9367759
8023007 54409373
11693207 11655559
2985161 20954033
7544807 1458983
11987467 13910647
20029753 2396729
31318589 53226521

7 4 2
1297 6569 1733 2411 4019 1087 2393
6977 1663 61 3691
1619 1129
10
28040563 5975729
6396503 11295763
695531 24548077
10924247 5975729
86526613 7940027
2881979 4167139
16695961 4167139
24898717 5109077
249761 3838489
3792559 43946647

6 3 1
1401 6501 994 1032 586 500
2628 5714 6954
8548
10
10304146 3469070
31156237 9769344
37146714 22464144
17084628 48843272
3681828 59442792
9742554 48843272
6618618 7671685
30094195 38595776
36368270 13566908
5679716 59442792

6 7 6
8990 9652 124 1563 8626 9264
5560 7893 8137 7437 3404 3504 4417
3847 543 1069 234 4810 3897
10
30225504 5943640
8908416 1364188
75381168 13095188
8852358 24883054
5460273 11438202
70958070 1902672
16763682 6772360
30601960 26743600
68085018 21245770
19143144 64061712

7 5 6
4591 8599 6277 7393 3461 2459 7673
1237 2971 6043 9349 1741
8009 1951 8783 8123 7103 2659
10
45253729 69099113
18648967 8786411
63717497 11880247
69117157 23794739
4281257 12366323
7431341 27400441
26130893 37379101
14970859 24858991
9145141 18239899
4393931 2568529

4 10 6
2738 5669 2658 438
5207 3705 5632 8655 7257 8469 1050 7639 9098 5112
8168 3498 6193 685 7426 1398
10
13840206 6232130
30245956 35417681
3790890 11839662
24182484 11839662
13996656 26721222
2239056 42530776
68968064 7085100
38058004 22609092
3215560 13259820
27141120 7533036

5 6 3
4481 9627 7295 2184 504
4853 5632 6210 1563 9057 4919
8859 6779 3137
10
34902328 17838016
19562718 28493892
14285160 52650378
11402085 15430903
2479176 15223861
25236992 61397403
25622100 44217900
35884105 55014390
27827010 49893888
3700410 4561360

10 9 4
6980 9123 1343 2253 1443 8965 1106 2967 6357 5409
7294 425 9850 6433 7982 8952 980 8944 6083
1573 46 312 6568
10
43174638 305760
9892064 411792
2358650 25687935
78262560 32442512
65390710 668525
14419728 27338135
30922200 17600631
39453246 2793024
19242720 41404580
2701725 335524

4 7 3
157 2111 8513 2707
7477 907 199 5669 137 9377 9187
8581 5273 2417
10
31243 22204979
41974523 40879217
12289157 54010919
142399 64160137
16691309 4368443
1442359 722401
19794847 1049327
4091429 14464741
4519159 87012217
48260197 78833647

4 4 6
5534 7160 6965 7322
3772 3535 3262 3859
7618 359 2577 9777 9238 8879
10
3020608 9413376
24621275 35649442
26271980 32656330
27630440 32656330
12405921 23652729
27007520 1171058
28255598 8406174
45626562 32736330
2779840 3246456
17040579 36399466

7 10 5
1970 7144 3813 7982 493 7313 9785
243 5894 8697 1191 6694 848 9832 871 9525 2400
2576 5316 4454 8106 1478
10
942480 33597850
6768736 24536400
29631640 3079505
5730381 7418664
19369040 6331356
62131368 25327232
27278211 68365440
4287621 2243696
65500790 22403472
8380664 383964

7 8 4
6942 9146 3257 2934 3686 2214 9757
1322 7897 1850 7320 6143 5282 7354 5030
4222 9283 7189 8453
10
18023562 42518590
16384050 23261504
11136420 56771533
20007751 67951560
23841240 31048588
27106844 5581484
41029228 27513192
40413552 20245449
53070584 5721898
19730 533494

6 2 1
1752 1602 4256 5947 7750 7008
1668 3110
26
10
49248720 50454060
4092108 40093200
16745748 27602250
11890242 54505365
2922336 80860
2922336 80860
11689344 80860
53879936 77830536
21794880 43368
4982220 43368

7 8 6
7759 3533 3137 3793 9403 6211 3319
8461 5521 751 1069 1759 8117 8599 5741
3593 9601 937 6599 359 4357
10
66719641 7927957
3776777 25013537
28628987 6686587
4549879 19533821
10157929 46363
16539877 56744801
42837439 4955849
4474663 39467107
3402073 9731357
79558783 37465843

9 5 10
1097 5861 2399 547 953 823 1381 1453 31
1721 6581 3221 3739 523
461 8681 2591 5807 2903 5821 2887 3919 6029 8527
10
5163559 1484881
20246033 2051351
16213 22542431
230579 2912549
722263 6744599
204011 32458259
4403339 25671143
335267 40459313
10185451 13297127
1761887 57129661

6 3 4
5674 3082 803 8132 5513 7613
5976 6511 6530
8097 6723 9793 8735
10
49568243 52873410
39153015 15117483
33907824 63948290
41472320 1478340
4501809 26964306
45495288 52719567
32945688 52873410
42520140 21596715
2118072 50633073
52947452 48387672

7 3 1
5495 1565 2830 7841 2391 6264 1698
5729 6764 1738
1774
10
53036524 3083212
4155558 10163246
18124236 20297472
50922378 1942086
5728222 44597232
2719970 10163246
31480855 3083212
35886456 11999336
32106570 85126164
19487520 19282372

1 5 7
9241
5479 13 9491 5581 1993
8731 3907 5867 3061 881 4261 3929
10
51574021 47837149
3458107 20092403
9622729 977579
18417313 21406453
46264709 4158593
12907211 32217613
50631439 48727711
18417313 39793
41740417 28898927
50631439 48727711

10 8 1
1181 5639 2341 5861 9739 7559 7487 929 2029 7549
7877 7333 7219 5711 3167 1861 7013 1669
8369
10
55430147 26504623
42758257 65922613
52506331 47795359
16986917 4806343
69859973 37485887
6425843 61369877
30852907 509021
25146883 32003893
15957259 45790051
15982433 15574709

9 8 6
693 1051 1865 8192 8351 736 5264 838 3631
3602 7831 6822 6546 913 1690 2434 4783
7949 3662 6363 5452 4367 641
10
4476213 1789263
1631359 25732978
12542040 6717564
2651072 29791674
6717730 52034154
5026933 28677122
6892320 29999160
13844480 20887361
52661950 27575820
959563 26076916

2 6 2
9767 8447
7129 6101 3499 2381 199 6163
7333 1949
10
23255227 12011687
38397319 81121273
24005 56596571
41955169 45072827
1943633 25658167
214343 17265043
20112307 11890849
52058861 387851
29556053 13894421
578761 42806213

7 4 3
9467 3307 6689 4093 3767 97 8839
167 2447 2671 4327
2393 863 7757
10
629089 20718947
22607801 11425529
16367983 1295419
25640779 52001927
10015571 144121
16199 2111761
10015571 6391703
44259491 24010081
948509 65531
18742697 11407441

4 9 5
1289 3631 569 6299
7477 1877 6007 5279 9781 1669 3061 1811 2017
3677 9043 3671 4637 4759
10
36307933 3871897
2599913 14193857
11114491 6126899
2419453 7739153
8039663 1207337
51396557 11117837
4717423 171839
12705083 7942771
18752873 2798189
19281239 9352829

2000 2000 2000
8875 5605 7204 2854 3887 8565 2652 4163 4896 4504 4843 1911 836 4575 9312 4394 4601 2681 3768 8532 7615 1807 1918 8150 7688 1242 3753 3395 5609 1550 6394 4476 7081 2684 7232 9970 1221 8905 4126 5173 3397 7979 6120 3293 1636 4548 6713 6159 7138 396 4687 3856 2173 5638 1974 8886 6813 5648 2260 1495 7123 8551 5901 3295 290 2211 3264 576 1088 6417 5705 3543 4382 876 5871 5942 5366 2545 2057 1580 2912 5778 5360 4124 1366 6380 2995 7228 1982 5180 8637 8136 2835 3646 489 3095 4893 3716 3630 5041 16 8343 7598 4392 9158 3440 9330 3639 5908 462 5146 7833 6198 9510 1922 7490 5884 3964 3826 6898 8149 2448 4146 10000 5127 4592 3094 9900 8197 5752 4054 7334 3194 1611 779 1443 4981 64 5016 9886 515 9160 7716 6670 7794 8665 3262 3655 1719 6994 476 9784 8458 4579 9783 3570 8178 1976 2575 6381 7641 6538 3690 9849 7189 3531 1286 1239 3585 5349 1118 4061 4506 7886 9731 1371 6549 2098 4959 8183 8118 4514 7092 6576 8100 6873 9150 6279 8757 805 2619 5514 7289 5341 4477 3580 8765 5697 4755 1431 984 4923 4541 4551 2787 3383 5854 8354 5400 9812 6536 3502 4322 2721 9087 2398 9486 7363 7702 7362 8112 9339 1957 4512 4681 6357 7986 2540 1112 1826 3028 1155 6669 7464 5636 9351 792 531 7707 5259 9418 3340 7781 3735 5974 6867 5163 4572 4214 2841 994 1401 2168 2906 5846 5885 8274 3817 7441 8438 5566 400 9525 2197 6953 4280 626 6812 3883 7400 2034 3289 9754 9718 6050 1156 8417 8921 3052 9350 279 4262 1345 5213 9140 8661 8915 5706 7105 3590 5187 6625 4827 2104 4526 8820 4666 1890 9888 7852 730 8726 3002 5523 3536 3210 3934 1547 6174 3269 899 9435 3667 6054 7700 2313 4082 9315 6690 8460 5058 1466 5837 5921 8411 9504 6846 7419 6477 7516 6146 9365 2126 8688 2567 5975 182 7767 8258 1062 7197 1897 6171 4882 3255 152 7285 2563 6819 5744 7521 7330 5331 2454 2336 2849 1941 9082 184 7446 5722 5423 6815 7760 4107 8402 3378 6165 1045 3494 2452 2000 9556 6368 5183 8805 6772 5618 9256 2035 4584 4883 4307 5870 2488 6615 3291 8108 1998 9996 5863 5144 8398 8578 3669 8680 981 6032 642 514 2362 5775 5911 1625 4008 4947 5080 8748 9713 9265 5196 5577 1737 1769 8762 9758 2821 7881 4736 6988 5391 2414 4511 8073 1064 5432 4097 1673 5026 5491 6489 3405 432 8025 6439 4674 2060 1465 2516 865 706 7619 6387 2403 8418 4256 1255 289 1205 5925 7242 5652 7360 1712 3715 8352 7066 6828 9063 2049 2283 5545 4497 2662 868 4656 2291 8797 5462 2955 5535 900 3946 4215 5583 3312 4474 542 484 9 6984 2163 2832 5326 8251 9554 4384 922 8930 3822 2664 1574 4633 8944 6154 5961 6866 663 2364 622 2296 5339 3908 6909 8545 8271 6527 8987 7398 3485 203 143 8702 7551 8796 2181 6002 9657 1083 9707 1415 1716 3450 318 8421 6270 7513 7230 8531 7212 8547 3866 1066 5452 2392 9267 1938 442 6667 5346 9702 5914 3153 4700 4379 2342 3465 4518 1143 4820 6155 3652 4221 3036 2048 405 9567 8308 8902 6774 6856 1856 7774 2271 3292 6161 3256 2817 2804 7625 1617 8602 9793 7908 2404 4168 171 5785 8566 381 525 4715 3998 4702 7652 5086 4189 7215 3377 2185 3087 138 3979 802 1497 7175 4689 9005 8723 1383 584 6455 1167 8441 8755 5267 7718 4532 3827 8056 4131 7554 1130 7843 4316 6149 1996 574 4118 3620 7779 7987 4372 8318 4276 310 2987 3266 8125 4309 2925 3683 5406 1334 2419 9676 8094 5979 2607 6150 9111 74 6334 3487 1551 7982 4024 9128 2067 7535 6906 9084 969 5214 2460 341 7222 4762 8430 573 7586 2088 7966 3551 4731 6055 8535 7248 1268 6431 7525 3710 9802 8121 1655 2934 7252 3663 398 4142 1840 1342 8360 4233 1658 8879 9124 6104 6462 274 180 4413 3796 4885 1413 1198 716 6677 8187 1790 5598 5425 2495 8422 2644 5191 8784 5818 6950 9171 4170 1127 9870 8749 9058 8991 5513 8357 4120 8927 2128 8015 8395 2597 8265 9057 658 6372 1510 9535 1751 7958 3443 9019 9149 5965 2421 6145 3123 1137 2097 4155 7288 8632 1600 5294 6152 4137 2654 5203 3862 6621 1521 5300 2324 9126 3204 5690 7271 8077 4835 2321 1299 6284 4360 6476 2658 549 4972 6916 9143 6497 2175 5290 9633 3876 9496 2598 414 69 7804 5644 2382 6051 8744 7976 2412 5946 1894 4660 7170 7214 2118 1480 3824 6019 3286 5219 926 108 3472 1368 8650 6112 5177 7270 8606 5554 7324 5533 1142 8728 8938 5824 2994 3993 6753 6676 1111 3952 8697 1651 7510 7588 9814 5876 8450 9904 9231 351 7011 45 5493 4265 7771 55 636 3277 270 9313 2976 8302 5134 5886 2266 1843 2524 2436 4836 278 3134 1417 958 9734 1226 6769 204 5118 2198 537 2086 1339 5110 5382 9028 5151 5094 1392 4509 3514 2793 77 4103 9417 1696 6452 3362 1046 9476 4717 1963 9205 5882 8638 6511 5175 3747 7742 5670 4869 8997 704 9258 8026 4921 4346 9342 7761 2754 1192 5410 5229 3558 1635 7206 4545 166 1886 5548 8471 6799 4181 4095 1932 6942 1797 6638 1772 764 80 7857 1278 4410 6324 9645 1238 8966 9891 6583 856 9530 3476 5790 6734 7917 5055 7654 3509 4437 6645 7500 2679 8334 2008 3497 9039 8327 3566 6017 6996 2303 8300 8155 328 8184 3844 245 2397 3365 3695 9985 1575 2231 6757 4069 4781 1141 9716 2253 5604 2394 534 5808 5847 8382 3780 4494 5367 5120 1880 3508 5409 9977 7258 5626 1470 551 9208 8600 9611 9825 9866 6374 3003 4644 6562 2715 6810 4147 6425 8678 8957 4186 3635 7340 8021 1791 2952 9810 5224 7382 8906 1556 9422 1174 370 8024 771 7888 6205 1612 2740 4028 8336 3910 8060 1680 6140 7070 5241 3456 4911 3240 4296 6889 2158 9400 3372 110 9998 5386 1170 5726 5777 1903 5001 2763 8020 7179 4308 9776 1150 1727 2798 5516 4406 4395 2552 9529 6876 6496 1866 1113 3357 3075 9568 6636 2275 9565 872 715 6748 6594 1683 799 9248 8739 7922 3544 7640 362 5509 9710 3850 8907 1358 2484 5945 6386 4623 5907 8556 6926 8492 3965 2768 5082 4692 4323 3416 488 6887 1003 7695 2043 427 3177 843 3355 1168 4872 5998 8965 8162 1898 9107 5561 4123 2187 988 1803 2816 4786 6415 6241 8838 4994 9777 3480 6072 9287 6859 1739 6790 8045 6532 2762 7015 3805 3705 5236 7354 9148 9243 8564 7898 189 8277 8733 2982 3047 5139 8236 1125 3968 4034 5172 6534 1186 1227 7098 2022 8882 5136 8462 712 2109 2241 4368 7260 9501 2616 6499 7188 453 5782 5458 8267 7782 8399 3390 8572 6384 8173 2850 9122 4699 3092 9401 5922 91 1405 5211 4573 1132 7952 2704 9682 508 8217 6870 3103 1393 8264 9898 8842 1626 5030 7413 7920 3180 9279 6164 6903 2359 2796 2435 5733 6672 4924 209 5115 8131 4742 3906 7720 2944 707 2064 5856 9938 9881 7352 4546 3059 8974 8012 4387 315 6519 5210 9321 3055 2880 3218 714 5735 8372 744 4338 6542 4036 913 6424 425 4522 8490 6137 4227 6590 8498 7373 3598 2990 9621 2202 8704 832 9670 4665 1513 7556 8926 6094 1620 1713 5578 3224 7171 5966 6767 4776 932 1315 5235 7845 6404 666 7461 7634 8440 4353 9062 9213 3130 9768 8425 308 7818 3627 996 94 4383 6513 2416 1508 1548 9081 6210 2660 9075 6575 7800 7569 4299 4756 3066 4910 1290 637 3337 5575 9650 1647 8593 2470 1402 1854 8780 2808 8345 3146 8335 3707 8866 1565 7940 8403 4618 9668 3143 7585 3693 4374 7294 8949 6062 7555 8066 9320 633 1214 4671 3740 9480 6466 8400 5377 1197 803 8285 9540 3311 2330 5699 538 8289 3757 6557 4100 3960 2204 2520 196 2802 3681 9175 1988 609 2466 485 7155 8365 6688 9168 745 8920 340 6336 6754 5984 1305 7064 9085 4314 9169 1588 4484 1952 4315 7449 7427 7361 5751 9327 7049 5731 7482 9855 2863 5329 8215 8560 3610 8030 6610 2918 4312 4160 9410 2496 8356 8576 4022 1927 9566 8220 9290 6115 4697 5037 4557 1700 3027 2645 9336 655 6493 957 3938 24 8135 3284 9654 1615 1311 2590 9922 1868 6033 4713 512 5454 7216 9756 3662 1884 5340 6796 2498 553 9606 572 7101 9624 3890 4347 3994 6681 6071 6836 6698 6980 1947 2895 1528 6742 9121 1274 9407 7452 3105 4746 4239 4640 4376 6523 4246 4899 2717 2978 8674 6969 9965 8368 1207 5764 3548 7095 2430 448 3730 436 9478 1519 778 8019 2949 2730 7485 6129 1694 36 9515 3717 8703 8515 2147 5559 6008 3294 352 9444 309 2752 8973 8348 7868 4979 1040 8585 2966 8989 4728 9368 8037 789 7148 9648 816 3356 8584 1324 948 690 6809 6897 6246 6338 2446 8892 4419 747 4393 4834 7684 8376 5811 5384 393 3912 3272 3969 4938 9430 3609 4822 5205 5992 3394 6458 6881 3148 2352 2872 8496 8218 6514 7397 9909 6482 4192 7403 9464 7765 5202 5396 1929 8366 9250 6786 6922 1955 1560 1189 7858 4002 3843 6177 5742 1359 6573 3953 7991 2170 4503 2071 2933 9383 8041 6266 9309 3423 8106 6801 4881 5487 3949 1482 567 3782 8590 9995 5074 2156 6366 9426 5694 1448 4267 5969 2195 4031 3860 234 9832 5553 4206 1749 9981 9576 5615 550 7194 5258 3999 915 2956 5052 7137 6954 7118 2585 5496 2783 9073 6874 6074 5036 7381 7144 5506 1191 6472 4454 5797 603 6123 9252 5398 6445 5994 8407 7298 8843 2316 5093 8355 8456 6708 3840 5774 9715 5451 9808 2810 6069 6693 3054 2508 3071 7145 3628 1410 7875 8038 7780 2968 6450 884 6978 5537 5324 3981 1702 3352 7390 7890 8691 7198 9071 561 3243 5760 2686 4790 494 6884 2132 3193 8213 9913 5990 2877 9177 2822 3650 4708 8630 7985 5274 1002 6760 3057 1302 9269 6109 1942 1969 6882 3149 5089 88 4966 1524 7690 5104 3064 5436 2176 4806 770 1518 9519 9469 3625 9869 8734 8845 7969 6982 4838 25 6649 2186 1479 6186 6498 2975 7078 9452 8307 9153 9225 2200 5631 2774 5148 8522 6309 5014 6388 4266 9984 6092 6083 4114 6441 4389 1314 2594 7245 7736 5486 6306 2893 2560 5019 8095 3696 2332 1304 3098 7257 7613 7264 6362 2799 8488 1512 3672 6655 1994 7680 3070 5421 8914 4701 1745 5767 9188 5091 2033 2062 5714 6117 4763 9294 2907 7010 565 3360 7256 8727 9945 183 8105 2561 5938 12 158 2698 3930 333 4998 2984 6979 8990 9002 974 7743 8642 5070 1053 5898 6371 9712 4952 5265 8992 3039 7733 4920 6992 2924 6617 5155 5539 1909 6446 1317 9316 7429 8948 1758 7463 6686 348 6207 6507 3142 5494 3195 5271 5993 2327 945 1086 6896 1916 3314 3174 1264 2620 445 4860 9352 5661 6539 5156 8946 1910 1245 6844 8326 1403 8995 2923 3654 8003 2326 3983 3702 520 698 3222 3798 2942 4427 3348 8296 4521 2690 998 8686 9217 5841 591 3951 1920 335 1210 4941 4004 9961 8953 9726 1260 7293 4739 1824 5928 2124 6262 7636 5106 6321 5315 2277 175 8319 1992 3212 4179 9003 9696 5456 7083 2401 4302 9591 6868 2094 493 5834 8261 2115 447 4334 2748 5736 3787 3005 3836 4399 2635 8859 8977 6369 9022 4117 9927 694 9831 8903 1038 9616 6559 2259 3842 3982 1073 1848 4727 6300 5049 4272 2194 7313 8897
5372 6634 7848 2047 4652 7945 749 3065 4491 2876 3260 6664 6624 7146 7668 8382 9035 745 3093 5327 5740 9373 9483 8763 1554 5915 7271 6378 396 3238 4383 4853 9762 1305 6816 4410 9169 7508 6499 3654 308 9647 225 6900 6789 6994 4393 5820 7680 6509 166 3399 5884 8746 1244 6478 3768 7564 1927 4130 6230 8870 9576 6584 5679 3094 5750 2276 9484 9286 1664 9123 8605 7601 5032 5595 1058 780 3249 7496 9991 5680 3356 8735 6854 8844 2486 3516 734 5642 4215 6030 4503 2900 2580 9183 5909 8227 532 4500 6638 2160 3616 5241 8787 7660 9834 9777 8380 3081 7275 7492 7779 9641 6228 3738 8480 7738 7157 8283 3358 1325 4307 6885 3272 5918 5183 9069 3244 5672 3558 9773 6864 6196 4128 2955 3958 5415 1302 6061 2661 7844 3824 2296 4059 7452 9805 851 4602 8084 3273 4975 1468 54 8141 7306 4344 6334 483 9896 8898 9333 6754 4206 2564 2364 7068 5551 7689 7410 1564 9368 5249 4434 1652 8314 951 537 5494 7705 1467 9472 9089 603 6735 5516 4897 2150 5076 4791 1014 3519 588 4284 5999 2915 1295 1503 9614 7761 2121 8982 2985 6472 9672 344 7360 187 8534 1936 6992 9051 481 5195 9603 6294 9709 3615 8346 4781 7419 8417 7320 7964 2678 3294 9893 3029 3849 9506 728 5010 7612 2779 518 7280 3092 6956 6566 695 8800 3532 9691 8360 7745 8413 4646 7446 1106 2082 2199 8455 450 9425 5538 1820 5423 5154 4712 4042 5830 9599 1612 8498 9195 7932 657 6150 4486 407 4063 7041 9180 2402 4768 7598 6076 2186 7760 8066 3431 6208 8474 1956 1701 632 2830 6165 5736 7438 9210 609 6162 792 8184 5352 7791 8790 542 2244 8281 4562 8308 7460 6874 3059 4170 2030 4290 1890 6 7619 8008 7605 8602 8182 1401 4024 3020 8767 3219 3586 4040 3965 1740 8399 813 9568 8897 3013 7847 3443 370 4420 9325 2507 8476 1338 6704 1341 3420 7405 7989 2004 5270 5288 3350 9176 8201 1198 1488 854 4294 4499 1656 2667 5257 292 635 8165 8105 3148 7626 1610 2465 36 1 2856 6730 9399 3243 9159 5932 1192 1141 221 6417 3546 8492 3725 4684 9905 4527 7983 4400 6104 594 9542 6368 287 6830 3573 3405 4439 5111 4902 4468 4227 7661 220 2735 850 9354 8554 2005 9550 7876 3088 6374 1126 6792 6270 5586 4764 591 736 4432 9206 6167 3805 8749 7114 9475 2961 1977 3047 7093 8667 3241 8842 9465 1692 7395 543 310 5264 7950 2481 681 9002 8292 6898 4580 3039 6564 4385 6496 5767 471 204 849 8300 6415 295 1221 7422 3308 7363 6093 5584 6200 6319 2690 5170 6595 6982 3099 8095 7609 6390 5700 8436 993 9085 4920 5819 9516 4220 6613 7811 9633 6876 8080 7059 85 5438 3124 4771 1592 7694 1027 4216 2841 6678 1142 4971 8673 6969 168 2260 1744 8578 2316 799 2600 8037 9378 5853 4640 6312 5480 1465 2504 630 9702 4666 5353 2326 3668 1180 3867 9062 4998 1632 5144 5143 3830 6807 2827 6060 6670 4467 4087 6045 219 7742 2321 4792 8248 6328 8827 4554 925 3284 4886 2314 7744 8446 5553 8851 1391 4608 3838 2972 8756 7991 6706 4677 765 1842 1294 5178 6395 2682 7740 9165 889 3452 5487 8777 7904 5473 1144 2771 7696 8814 262 3226 6787 1634 6856 550 3649 5606 265 9282 8327 1183 9625 3488 6087 6012 7004 7795 3735 7746 6212 697 5636 4104 6119 6717 5904 2912 4644 5251 5169 1380 5929 1984 996 9458 6628 8548 5029 6878 9930 4647 5134 582 6376 2012 3386 1608 9663 8606 1365 5296 1802 6533 1075 7616 4774 1947 6085 6910 5524 6141 1214 6174 3328 750 9932 7474 391 9396 2860 6945 8181 1435 8234 2573 3179 4758 3596 9808 3199 7384 846 6723 2562 7697 2206 8596 3154 3367 2379 7347 9428 2943 9687 9246 1972 7166 9598 5681 2450 4239 3850 3825 1555 6339 5356 8938 4954 8451 6324 5747 5165 8781 6410 6505 9660 8784 2038 8207 1703 1717 7450 7920 7056 3585 8518 4168 7334 1424 4766 2764 7381 1681 1406 7578 7917 7083 1824 5818 9512 2285 5114 6926 1038 7066 5129 1799 7818 1661 4458 5731 7754 9200 6272 7563 5650 7623 2298 8313 4113 1398 9909 5451 8900 6944 1605 9759 2736 1099 7900 4944 6145 4815 5042 2294 8943 6756 18 562 240 4859 8266 4596 4058 4529 1227 8711 1216 3468 7028 4382 3924 6049 8835 1914 393 1666 4739 1462 9482 8684 6651 3402 3716 7974 2327 9480 7984 2858 9688 2825 159 5910 3783 5442 4611 4932 7925 685 8324 909 6682 7158 9544 7510 3487 3388 8019 2068 2054 4662 5390 5690 2606 6752 5162 9611 8618 4846 1533 8760 8134 2522 2670 1034 6488 9616 1684 4802 508 8279 1018 2356 6943 8464 4881 9340 5602 6867 1377 9264 1330 6998 956 8002 6625 5123 1149 4497 3235 8437 6929 8525 2502 4558 9250 6335 4143 6650 7287 6414 3575 4864 1239 2014 380 7155 3336 9606 8403 9339 544 5526 533 147 2112 4730 1278 6988 2538 1891 7294 4086 6541 329 9513 3166 5038 5771 1522 5325 7700 1872 2451 559 9878 9381 1080 5395 8991 6543 3713 1547 2152 627 261 1585 6648 7719 6995 7137 6501 4487 3822 1486 9259 4392 6739 6955 5302 8206 6118 5495 5957 3464 3597 6216 9897 7208 7685 2042 7044 5699 8407 3669 2506 5866 9541 950 9351 2395 6765 8153 4678 2031 6365 724 7763 4433 5287 2813 7796 8773 8919 6811 5977 5725 8759 1964 2737 3565 316 5433 5985 4797 326 4638 5688 9644 7015 7110 8250 2873 5254 2910 4828 664 1668 4167 4408 1924 6656 2430 8640 1711 8052 6524 737 9095 3014 7711 8718 2489 6051 5726 9498 3404 7617 3862 6225 1518 3592 8816 3129 7654 6702 6560 3335 8889 6380 6062 2874 7606 6747 1948 551 1944 7339 4773 9724 3421 9503 8340 5858 6236 7676 4808 9890 9818 1536 5709 77 8055 4377 6440 2120 350 8326 9628 6183 9306 9258 5364 5422 9141 5434 7860 7768 2878 3700 3986 4097 3895 1625 7913 3780 1428 9365 9369 6852 8550 7424 254 4982 9453 9665 2404 5846 1694 7455 2984 6102 3150 7423 5240 7608 4398 2983 411 5994 948 7532 549 3787 3147 4851 7543 9588 4195 1604 8159 3856 3945 5482 8704 5561 2025 759 1617 5104 8128 5901 1791 1606 7897 2169 8631 3875 9520 1364 3293 8418 4286 5474 3255 4179 2449 1414 238 6304 6825 8915 917 7885 8742 1593 2071 6870 7407 3799 8390 5298 5889 9675 4776 9474 4970 7971 7893 8258 2537 183 9084 5748 6633 1512 7091 5967 6858 3012 3992 7714 9910 2718 8344 8598 5752 5696 56 623 2218 8226 278 6820 5216 3985 3818 2570 6438 1640 1247 8738 2200 8260 4697 320 8571 4910 9314 343 1271 8910 8882 6897 5018 8047 7464 7147 7715 2180 7918 5036 3632 8022 4315 6759 6433 1988 496 4504 1383 8150 8420 675 8458 1636 1910 6495 9557 7839 1458 7604 7652 2976 2098 1651 4194 3157 9111 6697 1140 6255 949 5715 2990 6441 6740 2558 9946 8044 8362 8662 8187 9915 9608 4672 9468 7442 5177 6187 1826 2806 8176 3498 2345 527 1829 8740 8180 4626 1268 7249 1757 987 5604 9459 9110 4633 9066 2888 4096 5628 9285 9780 7456 9358 3275 9707 4520 4402 214 5375 6594 7126 4480 5662 4416 8116 5980 1623 9785 6906 6267 9243 835 7427 7045 4873 2149 4992 4156 8544 3888 668 7032 7070 357 1501 511 9634 6804 7063 5676 3026 584 366 6466 6313 8001 6684 2303 4258 5044 6468 2445 3484 8913 3636 2165 2792 7445 2223 7916 945 5554 4084 7599 4623 6893 4047 1476 2288 2018 8079 3638 5311 3104 9987 9348 4585 3471 8113 910 364 9299 1310 2229 8678 7145 5716 1776 9680 890 3414 6844 2435 4825 8154 3495 2886 858 8697 5025 842 7170 9490 3376 6724 3346 4872 6018 4590 6138 3509 2368 9527 7987 3910 520 3861 8885 105 9706 1292 4031 3841 5943 7784 1630 896 8560 9447 6166 4308 2148 7908 4137 4699 201 4360 7285 6586 3956 4060 9451 3258 9152 3164 7189 6136 6033 3902 7580 3951 1551 6290 3385 2518 9418 8558 6549 665 3747 611 4431 3034 3334 7801 236 8928 1718 3381 8376 3588 6548 7527 5782 2834 2762 1773 5854 5692 9263 8804 6288 4669 7830 3193 9760 9499 7313 9317 3922 9360 2639 8688 640 2456 2049 8966 7631 5614 789 392 8272 2517 6206 865 5005 4594 7073 7688 5086 9744 7317 3693 6177 5756 5535 8298 7357 4214 8886 6181 6979 4780 3796 2561 4635 3265 9856 6184 2918 6993 3473 1245 7365 8264 2881 7108 5600 362 2195 8682 7748 9457 2884 5753 8286 2698 2163 943 4302 6713 4158 4151 2871 2616 6092 8876 6005 7267 9455 3808 4618 1491 1257 921 2510 2653 7732 1954 4577 3458 174 2632 5192 2636 9370 8925 3510 870 9217 8610 9684 4338 5878 9135 7161 9496 5975 244 6510 3156 6494 4707 6771 6579 382 7565 5850 2094 2733 8064 4661 2090 6112 4641 3239 5727 3022 8129 3975 9193 6746 8953 1128 6960 4576 3340 189 1006 7944 6057 5155 3625 6408 8402 3577 6544 1736 3408 8352 7698 1188 2513 8733 6405 2446 4592 3513 1505 8926 6762 768 9872 3811 6770 4141 7335 4980 6690 614 7572 3618 2246 6050 9627 7169 4102 354 8964 9505 2770 3545 3964 5314 4100 2877 1846 629 5030 3737 9889 7034 6582 9253 6939 7854 7475 3936 8270 7713 7053 8584 5794 5671 8348 9517 4809 2426 1485 5888 699 6848 7322 1054 9586 6332 8015 3886 2883 9828 680 8635 1659 9197 5811 650 3396 7281 8946 2010 2052 432 3436 6972 6658 5745 2595 3042 7726 2175 9260 4852 5097 1230 1186 4041 1870 9754 9010 1400 3935 9070 1015 4535 7355 3505 3866 6851 5396 9530 1671 1202 2115 8853 3007 3695 3287 3939 1443 4205 3686 6349 3201 428 6160 2305 507 620 3801 6940 6333 4489 6046 2263 8894 5572 3872 28 6721 7522 7996 9065 9548 752 6512 7880 7338 4210 9153 1426 3720 5308 3295 5001 5617 145 7176 1908 4613 2312 4108 3492 6914 7871 2624 3611 4508 564 1770 4050 1287 8193 6784 5859 6069 2818 2279 1953 3653 2101 6302 5470 5320 1028 4565 2889 8806 6019 742 2991 3320 8336 7397 3845 24 4186 7336 7233 9045 2495 1304 1763 989 4006 2914 6351 8130 5765 1779 1425 9879 9279 7368 4990 280 3004 2424 6755 1541 7221 9944 4438 8984 3490 1179 3542 4035 2679 3774 2966 4252 4369 3521 1696 1626 7526 1050 4559 9850 6879 345 476 4082 284 8349 7530 9234 8657 40 8564 9770 2684 2913 655 4485 4089 4381 6514 6080 8515 814 7938 1574 9478 8572 1683 7548 8472 3453 7981 1641 3711 5448 3211 9115 9640 2085 880 1504 5917 8020 4926 1375 1989 4492 2899 3627 3646 9612 1175 7007 7595 2766 644 2127 1832 1752 5262 9984 1379 6388 862 1939 1251 1420 6890 6282 8307 2385 8723 9605 4309 1600 4807 4404 4277 4014 5379 4455 660 8045 2747 8912 5844 7035 8896 3393 8818 7246 188 4118 5566 1506 5187 176 8495 6506 843 5071 9763 4803 5408 7497 8271 7179 3214 4196 4418 7483 2332 5738 1136 2500 8860 3073 7970 9407 7279 1326 9562 5772 7756 388 7199 8532 4542 6962 2434 6875 2343 7569 4037 7782 726 8295 4724 3133 5793 5965 1970 7884 3031 453 5152 4295 9093 9924 1114 9446 7120 8701 4065 7863 3352 9232 867 81 1560 9083 1998 2614 2009 6826 3032 4698 568 3444 9728 3937 2525
9650 4105 1058 5891 2790 4097 8954 2949 1925 2289 9872 216 3107 9060 7201 3718 6374 5398 2595 7398 7048 3652 3325 4634 6591 7920 4282 9924 6769 7230 2448 5537 1281 2561 1368 4012 6566 9368 5986 7524 1646 5856 7718 3800 4026 6536 9394 9307 9030 6795 5469 2664 9128 9986 9149 6169 3377 8194 2913 534 585 7462 1785 7882 4838 8684 7251 753 6209 7932 5674 3025 1695 8701 6952 8145 8096 5374 6298 3997 779 7985 3115 762 6256 9174 3200 4442 1170 3698 4103 8560 4526 6234 5562 8366 4033 2785 9065 140 660 3848 3142 1415 2530 9106 8606 572 4478 4897 4529 5204 1968 7540 5033 8137 6717 8128 1664 7815 1794 4808 5497 5356 978 996 3713 4949 2844 1868 4188 2566 5637 6358 3926 7198 5457 1623 7725 9816 6445 1324 4136 8323 7913 9050 5579 3735 7175 7161 600 8880 1028 6051 3341 1965 6108 6958 5957 8844 8736 9143 473 3482 5494 3472 614 9952 5024 7407 8886 1410 8652 3006 8781 5686 2036 3464 9302 9116 9635 9858 7122 646 5027 385 1680 1073 6431 7550 8970 4280 5814 9399 7658 1253 2866 8218 284 6908 4745 9135 8241 2497 2125 6144 8083 3208 9498 6510 1413 8250 5484 8456 8845 423 7930 480 555 3455 7111 8601 7633 2899 8002 5282 3201 9884 2597 3453 6786 1686 4138 8767 3751 9280 6851 7900 2451 7326 6147 7836 4896 4104 8215 1912 4541 8727 5293 702 7332 2906 2661 4445 8080 5782 3437 9702 9233 6069 9853 2474 4829 2710 834 729 8588 8670 3132 5035 3933 917 9812 7925 9074 1717 1542 6926 6932 2202 3355 8851 3912 6821 9577 168 5753 6951 8497 1776 6800 932 6524 8523 1732 7199 6240 9444 248 1216 3363 1145 94 329 9270 1797 1845 6191 7766 3100 8556 6611 6036 5371 2629 4731 5520 8281 1639 3123 9972 7470 3116 5613 5997 3895 2787 1305 3326 3009 2476 5721 3207 2553 5136 2470 3396 6019 8557 192 8135 6241 5902 4164 1568 8427 8776 6130 5831 364 9142 4916 7803 2244 450 6055 3197 3249 8395 5240 5642 3215 8341 7223 8246 764 9627 4257 8391 8916 2365 4622 4809 6441 6115 3219 5208 1313 8064 4658 417 2966 1536 1737 3481 7710 6486 6641 5218 775 1353 8330 9058 7624 6574 8890 7250 9830 6406 6161 2188 30 9970 7657 5255 3184 1947 6499 296 6522 6878 3228 7978 8520 6514 1417 5346 2079 9568 2813 8384 7895 946 6002 3572 9773 2337 2507 5291 4624 5313 7490 1352 488 9692 3243 6941 9956 8780 3179 6755 1403 8706 7224 5802 9820 4319 5363 1731 1791 3238 7709 5838 1504 9948 8247 6721 6595 1958 1991 4072 3254 1551 3758 5534 8408 3712 4306 1287 5921 70 1752 4617 7279 7465 4434 2812 5206 2397 5084 7743 9123 9920 8285 8192 8162 4116 4776 9153 6026 7860 1503 6623 1581 6957 291 6242 154 350 7035 4752 6718 4489 7312 6326 3382 8729 153 6981 355 8414 4285 7609 1617 8066 6759 6684 5928 8180 3281 7421 4249 8200 1724 4506 3549 1855 3942 508 5645 582 2941 6973 305 5352 4816 4604 847 1060 2110 5074 8593 3665 5349 261 8060 2625 3514 5480 5908 782 9410 7137 3342 3865 1860 2997 7830 3846 9861 8100 9084 4671 7899 3680 4580 8891 4828 9538 7484 8382 1758 1921 8610 9731 3596 2107 4328 8504 2848 9571 6154 6704 303 9022 7601 3269 6850 1401 2233 4060 9536 5942 1924 2316 436 780 7056 9934 7335 5427 9164 3144 497 1853 5177 3899 304 7049 3459 7314 2283 9172 7585 1280 6771 798 7179 2989 1184 7631 8818 2167 9848 8338 2904 6018 8266 9250 1394 8114 7535 4477 7693 9301 8655 1550 8696 4819 4062 6006 6134 3222 3574 7341 9885 3434 7102 5454 4746 3837 3379 6824 2794 1688 8740 8705 8991 7990 9147 6228 4640 2732 3903 3051 1357 5377 5223 8448 7647 1306 1645 254 8565 612 2776 2170 6787 8127 6828 549 560 2746 2414 1317 1457 164 9356 8489 8411 5582 2224 1107 8488 5198 1522 2976 6840 6670 1387 3589 2980 3815 5588 3548 6501 7665 9342 3734 8968 3365 6250 1355 6753 592 3081 4358 8957 7679 6498 6166 1649 606 9031 7231 377 1065 5123 2435 4820 9706 5018 348 7368 4354 3159 3306 5556 5338 3720 9175 1156 4270 2240 5448 2322 8945 1001 1416 5106 1710 1988 3239 9146 3586 9266 3354 5937 3192 3056 3507 9441 4303 5702 8526 7505 1200 3859 260 9428 4950 3615 750 4974 9640 371 6322 4741 1150 7344 7005 258 5589 513 8614 7959 5525 1786 34 4342 8583 8774 9921 7117 5396 196 915 5628 9597 4925 9129 325 4323 4100 9933 3776 9420 3785 4862 5888 718 4209 289 2814 8420 3645 8446 278 7878 6155 9020 7798 3245 3525 7092 3223 9046 6686 8045 7300 6099 2342 1350 5152 9819 8817 9018 5700 8603 3214 6167 8864 5062 4579 2867 2119 2220 6470 8178 300 1389 3799 376 3666 2832 6148 2209 3071 462 7269 8118 265 6082 5055 3798 9361 1162 2639 4416 4797 4543 2101 5952 6677 7600 4118 6945 909 4558 676 345 8115 3458 6461 8833 2592 8569 1882 3020 5836 9033 2367 974 5284 7328 4714 7543 6390 8063 1411 862 9193 7288 7475 6792 446 4413 7640 4083 5041 7952 1271 7513 3509 39 9 2060 1008 3026 9099 4431 7842 4379 1719 2527 8026 8301 7938 5207 9636 4396 6041 5332 1133 6452 7824 9535 3780 4885 786 1247 8290 9886 9381 890 3330 6312 9930 7660 4140 3418 8412 5699 5835 5664 5465 1436 9062 6698 9246 6074 5442 7071 5603 1014 6339 9404 9238 5336 9707 7747 6168 3033 4041 5214 9705 7194 7650 7245 1970 8099 3054 4629 2864 5120 1903 8038 869 1128 6254 9586 4475 8195 3873 6558 285 3576 4293 5542 5634 8216 9754 4459 7397 1660 6417 4611 3759 54 7374 1250 5159 9185 9216 5971 274 2420 2187 6614 1992 5698 4802 9455 392 6325 2130 4645 1820 7677 1952 1203 6399 8004 1887 2589 5600 1928 8985 6780 6125 8170 5115 2055 7432 3288 9338 8879 7947 5401 7449 777 9492 2034 6288 3924 2277 7415 9318 9247 270 985 4841 1273 9909 1575 7327 8074 8410 4727 4034 1676 8749 2475 9591 5815 6905 6748 6531 6054 8322 1896 8981 9626 9223 8932 8468 9855 2407 7986 8883 3918 4425 9534 2820 735 2666 3538 4183 3124 5239 1027 9178 8346 7711 4826 3504 5146 6638 1577 4768 5862 8040 2807 3429 1762 5755 1888 603 8674 6232 6633 8205 9897 1570 5865 4075 3744 115 5043 2019 7567 1833 6758 1022 6897 3376 2552 714 9612 2581 1647 4427 4279 6443 3953 5114 1535 9588 9522 6901 2303 152 1839 6292 2987 1037 363 4927 8532 9494 8088 4068 1134 7872 390 2092 4223 3747 8437 9458 7595 2643 973 4982 9555 3174 7195 8804 4063 2574 1769 5040 2911 6618 3561 4117 7302 2154 408 2340 9078 1770 2135 8550 6274 2276 5727 8896 5760 5190 8772 4426 7382 489 7563 4911 5485 9488 573 8054 6953 9235 4812 7322 1558 2994 9003 3634 610 8912 1954 3154 4630 814 6965 9389 5069 5732 3811 1526 9814 1980 7373 900 6503 6859 1441 3664 9460 8316 2890 3380 3494 6285 2862 6847 4684 7833 7739 8694 8584 3808 8084 2758 8544 1863 4218 8356 8704 4844 8664 1659 4403 178 7466 3535 9699 8829 4089 5850 4788 8654 841 5512 9481 231 8327 2964 6874 8459 6205 4341 6289 481 9069 4946 1243 9764 4096 5580 1852 2564 1541 1365 5884 6085 7218 7707 9042 6693 7908 7367 3339 886 5205 7578 7114 4763 6642 1125 6410 5155 1466 5444 5723 3263 7911 7502 3856 9198 2478 1115 4399 6031 7383 2068 9004 1512 8010 4781 6391 3195 2328 2586 7857 8876 3656 2894 4393 8697 4299 9715 3524 6583 7626 49 9442 5946 1622 528 247 7570 7866 1392 2608 993 357 4061 6494 8332 2852 99 4476 7515 8078 8024 335 2450 5844 3715 1258 8379 9299 8808 8415 9955 9219 4082 7518 6207 4527 9150 6259 4847 2310 1828 2270 78 3725 169 8091 9354 8224 6112 9655 9696 1915 942 230 1760 9687 7746 3543 6818 8751 6644 3438 1114 2577 234 5017 3936 2038 6320 3996 5682 8152 3255 6629 537 213 9826 7781 1136 35 9451 9877 6894 9860 2525 3693 8602 9070 7040 2651 8632 4246 1655 9565 5577 9513 7848 2372 3444 8339 1221 8738 1041 6515 8711 144 5963 7020 5817 1078 9713 9201 6097 8435 4495 8855 1767 6072 403 696 7202 8487 4584 580 5951 4856 9269 4466 5781 5961 1700 817 2057 6555 1856 1765 9969 112 7546 6061 7654 1110 4029 8453 6236 8816 6881 8903 6016 4480 2584 6549 9430 7350 5818 3890 2271 6077 7263 2302 9224 8759 7735 32 7849 6948 6694 3896 4589 7816 3027 3956 3639 1821 9837 2523 7754 3426 4152 3402 1455 9107 5767 2783 898 9938 1098 6799 9156 8910 3635 8305 6757 510 4989 9657 5057 2696 7979 5679 134 8834 1748 5705 7955 5820 8994 7228 4702 8996 6928 5543 7082 2305 6338 5985 4977 4628 9502 1465 9501 1286 7107 6345 5425 567 8001 1071 8473 2922 9997 7412 8257 6349 2080 6383 2360 7532 4422 9336 8866 686 5317 3831 5263 7059 3875 7566 7780 4214 4661 4366 128 9999 9671 684 7999 9797 8225 9937 8915 5633 7316 6751 3676 7519 4275 7116 6860 2230 7748 5100 2097 7348 2479 5012 4901 175 4516 9215 8562 3293 5685 3091 4737 1983 2015 7156 8568 5611 3783 1934 1806 566 3212 9464 1778 7330 637 8159 3047 3817 681 3483 2132 8318 5810 3988 7916 8607 9809 9141 9659 6083 7716 4386 8873 8676 6111 9390 5570 232 9108 5277 8364 8813 807 468 7795 3690 201 319 5740 6747 1562 3108 4055 108 2021 2294 7139 3241 6004 7714 9244 5389 8611 3927 4716 6849 9087 2173 4774 8961 2601 2540 2634 2781 1937 320 9188 7200 1044 1188 8516 9850 8252 7552 3090 4248 4377 1419 8640 3345 9711 3474 4484 1525 6188 3210 8865 7031 543 8271 3190 45 2366 9957 158 3496 8472 9985 1722 5142 2180 9398 3544 3644 1464 6013 1167 352 9573 4705 1848 5759 9758 4107 3732 6783 4607 1971 9865 7371 1112 2223 7325 4762 4910 1232 9935 2468 8452 5930 3164 9841 7769 4761 3503 3632 328 8142 9278 9044 9183 578 5486 396 306 1599 9818 9328 4000 252 7783 8931 2504 7620 867 9720 7676 6609 5324 9119 5073 2490 5372 4487 4184 3501 2323 2672 3408 7719 3038 8589 7115 3685 7530 6442 6706 6879 4207 9276 4682 8121 8495 6810 4718 3832 5001 4515 9092 9367 2226 5555 6772 6360 3869 9047 724 214 5748 5948 4346 4174 4056 2828 9984 7785 2756 2077 7656 5627 9710 7025 3316 2361 4734 3818 6978 1994 10 7646 2186 4870 4305 4738 3479 146 8966 6674 4182 1772 6654 1929 4456 7767 2076 3375 1366 6601 2708 8862 7343 9225 7894 7425 6195 8918 6557 2940 1077 1377 7145 4868 4794 6396 3828 9574 5524 7119 1492 3103 105 8139 4408 8212 3724 2691 2575 2938 9602 9904 8149 6460 1045 8649 6885 7248 3506 725 3618 6363 1205 3180 1838 8251 3726 2214 5858 9944 290 9264 8153 5400 944 5826 7885 2943 1048 3340 1154 767 9234 8328 9908 1015 186 4146 505 7534 6889 346 2715 286 9034 1962 7528 2234 7280 8409 7970 4276 1320 1591 1126 1421 3686 3519 2529 4402 1850 9882 7641 849 892 6351 1016 4098 6809 8484 922 7265 3585 7372 6295 4588 4891 8434 927 2401 5522 5143 2772 7036 5320 4135 9723 5697 4121 8742 5575 818 6233
10
38494430 3342689
22987120 7036740
23860040 9184248
25106025 4446222
23745364 65570976
22179330 73005100
26988660 11961510
37669950 32513166
71631232 23565680
14158501 2378775

5 8 4
8933 257 8069 2371 5101
6653 4093 3821 8971 739 457 8693 9689
6899 3329 2111 4289
10
11302883 48782297
33936953 5098361
981997 1560029
5962991 26361079
36932309 20234717
14092181 16868057
59431249 1960073
1691021 1436317
2305547 14044483
78297209 1640047

4 9 2
4133 9473 23 8123
281 2221 9277 4051 5507 9733 2113 6521 7499
1181 7717
10
51083 10956137
172477 11494673
58228039 28052459
1161373 2495453
20976029 16591849
9179393 4784231
32906273 8856319
15997837 38743267
4492057 11329033
2227829 33381307

3 10 8
7579 5818 4669
2070 9788 6476 7806 3584 6472 7560 339 9456 9777
8983 5896 8778 6910 9501 9552 6887 2640
10
12043260 25840320
20712090 14077702
37654096 89841456
59179848 9994488
16785062 2039479
45648813 84943248
24263360 2290113
57297240 55752576
52172820 51126544
44150064 67559070

5 4 7
1538 2994 1085 8552 8601
4912 1893 1762 7386
4018 6039 3694 2728 8286 5474 9333
10
7554656 40430964
3383842 36326328
8013810 10640718
5329520 27283884
13207500 61400087
16406082 5233250
13441350 37130548
15068624 27283884
58867074 50349860
42248112 10362282

10 8 4
8051 7749 8701 4256 1731 2185 6855 5979 3300 5815
4737 3010 4232 1342 2571 658 1366 4835
4330 3512 6508 7401
10
3844412 14013258
13141830 924000
20160672 2310896
1138998 19027971
9199410 16636344
23671755 66293832
9093033 30632742
9246920 8733736
12114990 9644346
24609080 2310896

4 9 3
4479 5267 7332 3161
4415 8558 67 3318 1743 4585 9265 2084 2844
1744 3064 2185
10
11313560 47285370
8852928 13842080
24327576 9646775
7806897 7996240
2282616 30685130
23253805 7249830
12738276 116848
42421104 10656188
12738276 14925152
3186444 48207256

5 5 4
567 2581 3966 4345 5317
8240 858 1643 3261 558
8628 7902 6306 7389
10
28623618 21111960
7138835 5410548
36896968 25267806
4240583 6339762
24336936 17614890
25240 37782126
7138835 3518748
3633000 4064360
8416641 51961440
4240583 25768422

5 2 9
6427 3251 2621 9677 3037
3847 2381
173 2339 9791 7853 9473 5147 2729 3833 691
10
12506597 411913
11755607 279491
37227419 12255007
10082987 1645271
7231097 8998133
24724669 6497749
1175851 54437897
28754171 52752229
5337593 7578433
14974009 26933411

10 3 2
9279 6487 2539 852 4172 3522 50 5452 3222 3955
6659 9301 2814
7375 12
10
68431090 75271597
80732615 20797284
36785455 79908
43196933 111612
19570210 9705028
8509729 25821755
465050 49110125
2797715 8291948
32758122 33768
15341928 68594875

2 4 2
4089 3818
7897 7618 8275 1827
8038 8361
10
27622209 24305750
31150002 66514450
30150746 69187275
8907041 15055986
30150746 63694098
50118804 1194732
22683270 13050660
14825800 16202325
6975486 66514450
6975486 66514450

10 2 4
8117 6761 8707 2729 2971 2111 6779 5413 4441 757
823 9319
4211 6229 5107 8693
10
2445133 47592133
60124111 31827091
6680291 58048051
50443747 4203061
63005759 7154339
2385631 10217209
51937219 11140991
623011 39242309
49777339 15672991
6641017 33357817

8 4 3
9152 2408 8036 8533 2870 400 7879 9975
5512 3460 2338 1470
3536 1273 7245
10
31665920 19490432
3539760 4404580
7290768 3793718
6974976 6308320
11158225 18547614
75341232 10132989
6710060 7016776
21397376 1871310
19252674 11709107
13272896 16938810

9 8 7
229 4091 5233 8663 5839 4493 4243 6599 2383
6067 2417 1093 7591 5879 1867 3257 1621
2081 2069 37 8179 8147 3541 8461
10
34106363 49427849
745853 20817539
32660059 49182593
5759711 8939647
7120513 21858169
50093009 13206287
3673247 9444073
22153793 32484929
14633701 3870313
28559939 156809

1 10 2
6043
229 7433 8731 2879 419 5 7681 5297 4073 3187
7 1019
10
19259041 37079
28723213 10843499
17424461 2473111
32009771 2933
44917619 5095
46416283 7574227
4518677 26407417
16044697 10665211
17397797 2933
23017591 9882569

6 7 8
2707 2791 7607 4877 3373 101
6703 211 3881 1993 9161 5813 8719
1439 8929 6779 9413 6469 443 4129 8059
10
6722389 1700449
23527487 13989499
42522563 5584759
7230823 1419581
6231931 266011
15866063 88673461
4302647 38358479
29409187 63095339
711703 17795497
588901 13510547

1 8 3
8288
5042 9625 244 4179 1596 278 4722 424
9977 4620 7926
10
950400 1584
79772000 4230248
39135936 1958880
21662242 78115880
79772000 47111394
25301100 51762426
63276006 4352068
666444 45159968
41788096 7373520
13227648 41693883

6 3 5
8093 5281 3299 6581 491 2551
3373 4973 8839
4951 5939 3533 6361 6007
10
2441743 31228187
12686123 56224879
103777 49679557
2441743 11916809
8323607 16342153
19711057 598699
2441743 52494821
42264979 32471077
13506781 8328077
8604523 53095873

8 9 6
3876 4086 9632 6748 260 5064 8232 3498
7554 7111 3265 3575 9924 2867 4018 1548 9682
4026 6319 3540 7849 9977 1982
10
59796990 19617026
1044680 19669368
17906490 7501896
1848860 12150252
37527432 5682394
26423892 9781812
95587968 32574905
9931884 7873284
92008 25375143
33053480 25820652

1 7 4
2383
7643 2161 1801 6211 3463 1103 409
1867 223 479 3851
10
3132091 7333181
1002697 10341101
5149663 23918561
18542519 4688891
14800813 772249
2628449 6465421
243611 9001123
19533583 56105561
14800813 91207
2628449 481903

6 6 10
6599 3519 3222 1268 5362 7417
867 2115 1474 6423 2707 7698
8954 3174 4853 3363 9491 8092 4997 6138 3393 1152
10
8721954 13198196
36055208 27572580
68111588 5280792
20694906 2915721
46462608 23467153
10932658 21600549
42385377 13137071
26073927 11632950
17406232 21223716
13956885 13526879

3 2 7
8307 9244 4572
8506 8550
7517 6981 4363 8019 449 361 2151
10
71024850 59380386
14537424 3810867
60489521 17646740
81869193 13223574
44757713 1560438
39090600 59380386
4557228 13092128
79036200 37111678
70659342 18391050
79036200 37111678

7 8 2
8418 187 7274 8625 3932 9978 7466
7564 5551 4221 4692 5720 4246 8644 4872
3683 145
10
35532378 615670
42366588 829400
47877375 615670
10798840 36593582
64536104 15545943
17557758 44006940
37293291 11148322
48150960 706440
47680056 31515110
46018032 41323362

5 6 6
8664 859 8840 1892 7903
8862 5116 7339 6271 2762 6379
7318 6166 9195 2993 3510 6217
10
21828086 37438888
44325024 64852116
7612458 25759890
299754 14463693
5556613 5593968
2372558 55095054
12004352 22421300
54331944 17957160
6157560 22353920
4489560 12166203

1 10 10
9352
674 8736 157 4332 8995 5958 4127 8998 9263 1924
3910 9245 1382 372 2368 5120 5072 294 9735 1529
10
55719216 10258176
81699072 7522840
1280400 233172
81699072 3347256
2383392 4802928
917504 2901351
16113816 23101520
7176312 20052835
40512864 7522840
81699072 613870

3 3 3
599 3767 4933
8269 4027 5479
947 3511 6091
10
4953131 19236769
29880199 19814441
29464397 5065721
40790977 3813569
20639393 24528457
5484959 3175201
7454287 22252843
40790977 14138797
850601 11471461
40790977 33372589

1 9 4
829
2223 7459 4476 9236 1179 5549 3998 1257 9144
3500 2016 997 7731
10
78265856 33848984
3710604 18619776
37076064 7552716
1042053 71403516
1042053 30908538
139584 22039468
6183511 30908538
7236747 62649225
16282305 3456792
3314342 71403516

6 9 3
2726 709 3302 1509 2510 8238
5623 2692 300 3612 9702 3371 6096 6880 1974
761 8808 2513
10
18754880 4960662
14640318 6764996
16614372 33589350
29755656 5235680
15544740 2383392
2390039 1502214
66485760 27760
15300960 4960662
18815023 54505990
136899 4856694

1 7 7
4686
4771 3693 8542 1909 9478 266 8235
8835 529 224 4772 9615 2264 9714
10
8945574 40762424
17305398 45873165
37086357 77174562
8945574 22767212
29594664 16948488
40027812 18644040
15025743 33335526
799456 16498944
41467818 7304830
40027812 1009861

9 7 2
2184 9545 5966 4807 5305 1643 3897 8346 795
4174 9793 6787 4743 1060 7328 6730
3336 1365
10
61573275 6694875
14698320 1446900
22799601 10002720
13757007 18209361
4130820 24446208
6323960 24446208
39720100 25552606
25161615 32669448
2661102 7510272
63592464 45071488

2 9 6
2837 8147
3767 9067 971 5381 8291 4597 1459 9257 997
6679 431 6911 1759 997 2647
10
71810867 46971467
2828489 9039799
63733981 16541639
30689749 60558493
26119801 7436167
26262109 30703363
2360837 304103
11026157 17528057
67546777 1707989
26262109 21946277

5 6 5
3421 5850 1125 6403 9682
2563 3506 8885 6093 2223 7348
9543 5382 8582 3044 5280
10
15310506 15948702
6287320 65823354
22448918 13532640
8266500 24458709
47049244 10672264
33945092 76251070
5841680 6505191
71143336 32792526
3304784 2140560
23646504 26687647

1 2 3
5
4 6
3 5 7
2
1 1
5 2

6 4 1
8270 7706 7906 7352 9175 474
5952 9128 3965 5789
4946
10
47875030 45147088
31347290 29438592
35358720 55715788
5165440 93171945
32790550 45147088
75488560 28632394
30554290 45147088
11811186 1264572
30205624 9799136
44265705 12807406

2 4 3
3659 8861
4657 2237 5657 3917
8527 9587 8753
10
59958781 10636303
78566011 4006433
17039963 21446119
34708537 19074899
9037 3598321
20698963 21446119
33043993 15268501
50126677 40762721
32504029 6113651
34708537 49515721

5 7 8
2309 3643 3518 7005 4237
9399 5983 9937 1491 4739 6255 8734
4466 1363 2612 1325 5420 7782 9966 6645
10
65588380 30734243
10444455 25955444
32807242 35134515
42103069 12810837
16671802 44378642
61181670 73143018
69608685 8525565
85848152 21511875
80556879 44065896
7163585 38416170

4 4 4
8929 9109 137 3907
6829 3779 4597 1019
433 1381 3847 9049
10
629789 9430849
12357311 8689717
18140483 2344007
34422911 6348457
9098651 1636307
7838777 57517007
160261 13654891
14764553 1990501
5207837 31457791
26680903 1636307

3 3 6
5349 3050 9766
4847 4066 5696
604 3267 44 5744 1295 3640
10
14783350 14800240
4244226 8969737
42821032 10422720
14783350 178904
7454988 24902640
60945762 14593216
14783350 178904
47335802 13283622
39708556 27841168
19237336 10346895
