100

2 10 2
9027 9609
215 6065 9887 4272 3279 5132 341 630 9 9422
9359 3152
10
46326564 29698144
5687010 39981648
89249949 1074832
17658700 9380536
1912320 19694880
15901140 89302590
57150993 56377158
48592128 44721504
85052394 19116880
54748755 5896170

2 4 10
4370 4135
9310 5541 8379 2145
7116 4560 903 5415 462 8392 2744 423 4537 8098
10
50719808 7778730
488592 2729915
8869575 39429756
9287780 43416540
8869575 2559942
2574660 1886444
24214170 9781200
81087994 152020
8869575 4301220
22912035 66249960

8 6 10
256 5046 4318 7964 7600 8090 7316 2241
8020 5876 3925 9911 3765 9199
6069 2652 5867 6679 7168 7006 890 9758 8993 8666
10
28913046 58984610
27730944 25158345
29830000 56188120
963840 52842868
1504256 82726607
22210551 5229640
49867450 3934656
9083912 89844146
16231997 73426092
50010906 9984780

10 3 6
5527 6317 5153 8363 6229 3187 5441 4973 2273 479
5741 599 149
9787 2657 5107 1409 5791 2437
10
767797 15253837
928121 29319287
16810481 11850551
2749939 5862413
73466551 5174041
35854619 8369
24411421 32655157
23104559 62951671
767797 843991
3783883 13990817

9 7 9
1409 5012 5101 9846 3005 7700 6217 9226 4532
7770 6039 8503 9559 3519 662 9041
8038 5035 6518 9511 5257 7392 1781 9408 9864
10
10071950 70380
78448678 6296282
88191334 28285722
1989310 76835242
38535596 45521435
17950419 44640288
14573949 2180505
69122354 21888164
28035384 15843738
10349230 826484

3 6 6
566 9601 296
202 9743 6774 4059 5575 5849
320 7296 1720 2978 2761 6079
10
11823840 3609450
59792 26900423
65037174 10060280
65037174 24674661
7741838 56313348
53525575 16149089
1367434 4621998
54096336 45898844
20198076 34795188
38970459 1784000

2 2 8
4111 6961
2617 1091
1129 9173 2143 3821 4951 313 4817 967
10
18997037 2696737
2046491 60738253
7594451 5608231
4497869 6183311
8574901 6444509
7594451 5608231
4485101 24005741
7183879 55897537
7594451 9999557
18216937 5255347

2 7 1
8927 2547
8045 5986 2315 813 7323 7686 1772
6002
10
15818644 48286090
280644 2546247
68612922 10635544
5896305 4879626
86878795 34378860
17544636 67639390
2515020 28447664
65372421 46131372
4513284 43952646
14894632 10645290

8 9 7
1355 4253 2721 4693 2753 8683 4495 3955
3339 8091 6887 4097 1927 1279 9485 1712 7125
1373 8261 2412 9919 5131 4065 5439
10
3521087 2350576
12852175 70672875
25808685 56893507
66110472 28153440
37513175 6562549
13574088 658860
8195531 8053668
22952896 33326943
6969048 337840
25552074 17031195

8 4 4
9015 9064 1920 6116 6660 5132 8524 8570
579 1256 2022 930
9022 9185 9131 7528
10
17902782 2890580
67497111 19750388
57506652 10067684
6445792 18242484
2411520 5223738
25127904 16155288
4935396 7001040
7681696 8542050
13466520 5286849
42229264 40140673

4 4 10
683 3191 9719 9907
9199 7321 6991 2467
7927 283 8009 6089 4133 8501 881 7237 5879 9413
10
69259837 2071843
25295057 10203959
89405081 65806283
91134493 65806283
16446697 21690301
22298261 37489889
7872197 66573163
12412727 30177053
926039 10957789
23361311 78200699

1 2 3
5
4 6
3 5 7
2
1 1
5 2

9 4 10
8298 6406 594 6462 2832 820 6684 7862 5
7691 6229 3359 5908
540 2892 1972 8900 4425 9070 4932 2540 4559 2943
10
63819918 12283588
18154912 13309390
38455 9885537
14990250 16220072
21780912 29138256
15285176 2526843
46448696 55438100
14938200 84032429
2728892 2664457
3700026 1813860

1 10 10
5511
2563 260 3050 9053 6094 4411 4110 6632 4305 1671
5398 3135 186 8820 3376 2678 3010 4920 2528 6253
10
16808550 14738220
9070920 68165748
36548952 6479264
24309021 815100
23724855 5029710
73468560 5144200
8924226 10461088
1757700 37760625
22650210 35799536
54155392 8309574

7 8 9
4464 5123 9369 9100 314 9118 4132
5738 7307 1411 7541 1386 1716 7575 2254
2273 7541 1347 6197 3042 459 7258 3930 6597
10
38806725 8743967
29033195 36128280
15719697 7403575
24739748 24166032
7100478 9842529
33654970 6972156
32215790 58711364
5726952 53034206
69068850 3461319
20551972 11320452

10 10 3
3220 4436 5623 4577 4734 7894 1099 584 7727 1809
3712 9541 2484 3843 8271 8308 9585 1340 2302 3682
5449 7545 9673
10
16852514 51988909
1376378 80070
242757 8779696
21767337 14282320
5973850 18844465
19608696 20226688
15029172 35615986
11369268 51988909
6660738 22267246
29111184 61373700

1 6 3
1901
2003 7369 3779 6389 5 1217
2749 9901 7243
10
3807703 12049517
7183879 63257489
38595239 5400991
9505 20257381
16002881 49246163
1318607 1479869
2313517 19831703
14008469 36215
9744817 9886
2702281 2459089

4 9 3
9226 5120 9970 8077
3423 7322 7566 9570 5321 4399 9242 518 6916
7155 1625 5480
10
35479405 52042403
67552772 15551250
33435654 24956856
42977717 24491565
61110582 5562375
21012823 2119159
5585790 707868
57506880 23585800
59139794 18758040
59139794 24106520

5 2 8
7082 3611 5515 1473 8519
1862 7070
5427 3275 7002 8482 7864 3223 3936 1991
10
2788653 60794280
50069740 10105074
2742726 55598480
8241408 1395292
25529770 7328832
44125375 40070848
10414110 6001226
14489952 41819190
58470720 468936
50069740 13037724

10 8 10
8179 691 8563 4337 6427 7187 6961 1009 6469 1607
2143 6917 2239 4721 8731 271 8053 1951
8807 6863 17 4789 6217 1913 4027 3533 8731 2243
10
273439 8629861
4071737 6227957
1175327 10262827
23096453 10309349
13801813 3444977
15933377 7321823
187261 19583633
67813703 1300961
273439 27854759
68957839 148427

5 6 5
9463 4057 769 7549 6961
4001 8017 3187 2521 5701 3761
1063 7481 6217 9551 9931
10
8945801 15802331
8615381 5767771
14961259 52731677
19674469 63718079
10227697 23382137
30158581 56616631
2892209 23841947
35590343 42649181
36408121 8796703
3076769 24078071

6 3 3
3299 8821 6037 2393 6101 1283
5011 9781 3701
6637 239 9337
10
59047897 1197629
16531289 24563537
8856493 2337659
22342937 91325197
2664331 26753431
44202031 24563537
3460777 717601
76303037 18224009
11122147 2195209
8699687 41135629

10 10 10
615 4990 2136 5951 6099 9842 2174 7568 319 816
5280 1644 4927 3375 2182 268 2987 2499 6849 8652
6510 5933 5361 7508 4023 7926 3522 9303 7974 4905
10
5337864 44586990
17382848 1510236
26719185 3031080
5588784 18596160
4743668 51332316
51488052 7685004
15630160 1184240
16862230 439200
43516928 24149988
6380232 45835881

3 7 3
3587 1218 6293
838 4720 5262 1055 2190 6670 7446
6831 8388 3597
10
38046340 13395200
78342177 2898534
7855530 7206705
18874794 32242320
36089988 4359306
7855530 7029144
36879960 33442490
16930640 5724378
29702960 55947960
60498350 10177218

10 5 1
1657 3931 4933 421 547 3671 4357 1153 6521 3889
7867 827 5927 1361 8209
5683
10
1370339 33683141
13258681 6033271
51590351 41143831
21758017 4699841
18310267 51652883
38807911 7734563
6713813 33683141
452369 7734563
8019533 73438049
42466049 21055669

1 6 4
441
7940 138 7234 2561 2374 6597
5540 1612 796 8358
10
60858 10634364
60858 12799280
37670202 43469470
34410684 22999116
15122016 27083952
3501540 14187940
2909277 13151960
7713633 6792720
26322980 27884136
1046934 6320240

1 5 2
9137
5879 6217 3529 1741 2647
1019 2713
10
907013 71228459
56804729 2697293
482077 496117
56804729 1774079
12019573 80060707
53716423 6335123
31726213 6318337
15907517 2697293
32244473 4723333
30438911 48596323

5 4 5
4940 2793 9290 3302 5738
4975 6524 8808 1718
4772 5673 9965 4400 6575
10
60607960 23740700
15206940 12235392
21542248 9746214
6758282 66287811
50139522 48495469
24576500 37010652
46217750 28705600
22374920 22556084
28546550 31132528
60696361 8048520

5 9 9
39 7412 1329 9293 1013
7584 9339 9972 9275 5089 5915 2169 1047 1075
7267 3618 2395 4679 5634 7048 1088 7660 1388
10
16076628 70282656
54968095 5194755
45436410 18895234
9765096 7420160
25594968 6092152
6763281 10526592
68746300 38981740
2850120 183560
68746300 23882940
19462093 6076000

10 10 10
7237 4871 4561 7193 5749 1493 2953 4079 6481 3911
3259 7723 101 4231 1213 2897 4241 3593 3011 1459
113 6389 4019 2707 6709 6221 5107 8863 4919 431
10
58649999 21632453
73277219 11020067
5955293 879521
11330167 11480387
8585557 8158219
7861453 872699
9295771 35919133
726493 13097921
23286233 522803
25844449 137069

4 9 10
9497 461 5179 8363
9479 6607 3049 8443 1201 4261 5051 3491 7331
2659 157 5333 3821 4733 9421 1861 1091 6367 3911
10
3422357 1740671
6219979 19493129
9937427 3042383
37967249 89301659
56092039 356581
15607391 17102471
69622507 32260703
26159129 28724629
68514727 9920819
42241513 14430917

8 4 1
7187 6491 1693 9473 857 9629 5521 4621
3187 8089 9421 3943
9199
10
23816147 11862371
25594013 29317213
90714809 74410711
58135643 86663779
61151711 36271657
16828541 1591717
17595427 36271657
4366949 16166429
277451 8892503
6962411 7247209

1 3 2
1103
9091 5413 4637
6287 4957
10
1524209 61486459
15933817 22333049
10027373 26832241
5970539 57155117
9063653 8752391
5114611 26832241
5970539 45064087
5042623 9714143
5970539 22985609
5695913 45358211

2 3 7
9880 9073
7399 312 5930
2409 1043 9170 147 4097 2756 4386
10
2197216 11959890
71260134 770406
67131127 2861040
47836908 2832064
67131127 751608
15197325 1872634
2830776 67848830
53802890 1368432
17695185 38496690
2830776 6184990

6 10 4
1306 3336 2061 2147 2891 3256
261 4563 6540 4711 843 8428 5627 1469 9998 4338
4791 9357 5684 8542
10
50983004 17333730
870696 40590666
14041380 47904752
75245824 42935875
21817440 21861333
32553488 71991976
58055925 17592245
11597247 20783358
1358496 4069270
58855460 11368104

5 7 2
886 5447 9824 9751 3599
5896 3829 2873 2034 4269 112 6350
2343 7444
10
6486826 38292003
19910457 29328450
1092112 13814328
35138250 24358565
9792552 6974925
1092112 10002267
20856563 15141096
6102360 34665932
3392494 262416
28014623 10002267

1 10 4
1678
3465 8444 9840 3714 4700 7154 9495 8588 8324 6216
1628 7707 8138 1681
10
12004412 77270310
11818150 190996
14410664 50585808
3839814 19200610
72380475 46824776
21930080 30985311
20486700 4446160
10430448 58219252
14169032 14436428
6232092 7651600

4 3 4
2131 3793 5857 8171
8737 8369 557
7583 2551 1889 8807
10
1186967 15809041
68383099 4905499
4234757 39332351
2112701 76946759
71390027 73705783
17407241 7809313
5924549 1727027
33139441 1052173
29888153 2564129
64572323 22789079

7 4 3
3106 2468 5465 3138 2829 2110 9507
9005 9508 1040 7096
1108 8551 8030
10
12820020 14314416
5273213 21147136
42791418 8196705
29531848 9977540
2194400 60677896
21854434 8564153
13077736 2779764
38779640 72310150
2942160 56980880
28257690 8893040

3 6 10
5830 8682 8784
8587 7075 513 6284 3724 9244
1188 8955 7100 6598 1298 9138 1124 2223 735 8554
10
55198656 31855096
3097548 4789026
3839900 3902337
81581760 6043401
41247250 44616400
11795052 27076400
54557688 78468006
21710920 7952300
75428208 13969332
33502104 1778580

3 3 1
2416 317 4212
2179 8416 2744
9755
10
5264464 26767720
20069010 1737194
2700075 11316006
9177948 82098080
12613940 41837913
20333056 21256145
690743 26767720
690743 82098080
7509956 42996912
7875414 2686850

2 3 6
4199 1002
9817 8524 2961
2257 1623 5608 6608 3173 3664
10
10456440 17888830
41221583 19238668
5254224 7833430
12433239 35969488
13792680 61183647
20057034 2529478
9836634 13834452
29349664 10521576
2966922 56326592
9836634 27046652

4 4 7
1064 3694 8599 2189
2422 76 2365 6134
3197 2110 3601 101 6065 1666 2249
10
41773056 42104376
13427326 5318885
23496885 49290885
2516360 7743134
16794613 137200
58631188 61938450
22658996 8516365
27780375 367200
5301758 19610398
2577008 8516365

10 8 10
8263 8287 8011 9473 7247 929 149 9907 3821 4783
3673 2957 1499 8581 6709 9743 4159 9413
9277 6551 4481 1831 2969 2503 9833 1801 7901 2179
10
38608481 7621657
69939029 23479909
287879 563659
10815223 26141839
28293677 14136851
1451707 14739667
25635089 4450531
12386237 9062461
3412217 27947197
81287813 8003467

7 8 1
3171 807 3922 3431 8021 3495 9912
4976 4928 6496 5254 2197 6319 5321 2322
278
10
16872891 1756682
63352688 35393490
20606188 1369984
3041742 79645960
29600319 4603240
33308886 28820074
18596895 1460612
49322112 645516
9106884 1369984
8015600 24100911

3 5 5
8461 3803 7549
1999 1571 4003 5521 3547
2381 6427 5413 3373 5119
10
30883133 2562653
16913539 8041949
46713181 10820587
46713181 8041949
42329279 11744479
26024597 15130627
50917 54899249
3081167 63115387
13292231 8445407
13292231 28261999

9 6 5
5688 1329 2330 1351 321 8608 6716 9715 3492
8810 7952 7163 6228 3442 9003
7426 8986 1082 4925 8282
10
7643016 71305008
13758778 15664089
85589150 59051552
12019464 66856278
20668644 11696736
1103232 16014780
21748176 9741246
10743152 65423060
38973636 54641925
9677213 66856278

7 3 8
2671 1726 773 2130 9727 2230 6129
5905 3776 9374
2743 6703 6728 3542 4512 9123 3640 5719
10
8420480 63068272
239580 1608204
3085376 25746281
7246102 21494200
36729152 25712882
7246102 17037312
63630141 37517045
23143104 20915510
2918376 33801202
41406141 10888568

10 9 5
602 9733 4880 2103 2421 4562 2724 5341 191 4632
9606 3229 8178 9119 1426 4031 4547 8733 3928
3205 1038 4944 7320 2265
10
43784236 86951930
6505412 59862960
79024734 57387000
22189360 43175952
42239208 1480188
59876040 39490891
7328196 2994267
22341816 20829746
7616266 19780245
42239208 4719786

9 9 5
9787 181 9043 3259 3907 6301 647 2131 3037
9511 8039 2693 4483 181 2699 7547 173 8599
5441 97 9127 3779 8363
10
7052659 503273
1746253 941293
71678779 1493923
368663 68881469
16968593 30379381
5730421 10837193
1564439 732059
7293241 16063127
10544993 834103
1985927 11916797

7 9 2
6053 7457 9973 1 4813 2591 4493
9697 8317 7109 4219 479 5197 673 2719 2819
2393 109
10
31940737 73357
7317421 4466047
21021283 17011837
16458107 1610489
4073669 10096067
58695941 6745867
87911231 21724697
58000207 27370939
16812071 9392843
41053039 36681473

4 8 4
9051 7493 8080 1848
4914 8270 5104 5944 2389 1308 1064 6789
7212 3017 3915 1029
10
7972552 7207613
61967110 1345932
61877816 14248970
29714532 11746080
9668988 3150013
5421514 10454811
9800844 19238310
48027520 3210088
10984512 17229468
13690620 61080304

7 7 4
9373 7929 9000 4160 8953 8989 5772
556 42 1724 1306 3528 5973 6297
9932 5289 7049 9735
10
55984929 62541804
72535588 71371959
61251936 37127062
1515378 41640480
7538232 5412660
3209232 31591197
30298828 29910368
8395877 4214078
15497036 61301295
14676480 9205994

2 5 6
1056 3311
1333 3009 8788 9718 4505
533 7486 8998 9466 1719 9202
10
3527433 11109280
83963550 45251560
4413563 65786968
9280128 710489
4757280 65786968
51424401 66388608
9280128 710489
5840061 24538926
10262208 42644330
19939820 9796374

6 8 5
6449 6373 1901 7867 7757 919
733 4903 7247 6353 3761 3607 4507 5693
2477 1619 8719 7213 8429
10
7032533 6921623
28376269 14101561
12774527 22397299
181723 30278621
40487669 32792159
38571901 7296833
7149661 1186727
75358469 13354049
36941521 17446697
46735903 6178457

7 9 8
1636 7357 1702 4428 2450 6926 7229
6965 1509 3180 6721 2841 3086 6265 8207 205
495 7048 1212 8417 8986 2688 4562 8950
10
4835382 8145852
22534573 33959553
44705340 2207838
27741420 22412640
1419830 18066048
13293048 62314219
60378899 3854160
4835382 8441580
11932459 8957630
23561860 23305048

9 8 6
3754 5349 9775 378 7726 7749 4466 2823 8386
9802 1156 4415 6145 6322 8052 4291 6601
6787 3506 1411 2490 5302 804
10
4749195 6894654
43775732 2878440
65776410 3232812
52148160 23196160
19261800 24649240
36796708 29964605
8931256 54648924
19717390 6473808
58206240 47668520
37024190 1631116

7 7 4
4856 501 9177 1958 669 2296 5184
9873 3809 4546 1306 7955 2050 3856
4506 9123 4221 7704
10
30072000 1939700
654306 41473158
66008782 4009452
53959565 38364440
11985162 17375136
7458022 5512626
14006216 35993068
23566464 34749507
8853376 35845230
5854070 21308408

10 7 3
3804 5923 1279 2188 5018 9539 8589 9 4573 6956
8372 7897 6980 3079 4348 2185 2353
969 5214 4771
10
26445531 39942812
31649228 72925325
11807354 2983551
75329483 8112468
3009487 8112468
25020193 14030765
42010696 2280057
11949224 70857880
41618440 2879408
15267522 33252008

2 9 6
3854 7062
8514 8919 4577 7230 7463 955 7479 3671 2856
7262 6417 2111 6282 3908 9979
10
28824066 46882566
32322774 28254840
6397587 20403078
88688334 52231608
80820720 4942238
54073919 16325750
329784 12830357
14148034 29165404
28824066 45673883
20169072 2016005

1 9 3
2619
1098 469 3191 5821 3566 2559 1704 9200 1563
6236 4286 7844
10
6702021 2924684
2875662 7303344
15245199 22237576
2875662 39431200
1194570 10792054
65088756 6125376
2956707 15931431
41136972 11975608
58824420 10514712
1228311 57371200

1 6 2
8423
4168 2743 5256 2618 1932 7457
4045 3881
10
66044160 3313948
80778750 76740040
4739574 33673588
38249364 39110508
35107064 11095435
44271288 30163565
35107064 10645583
15022560 17851748
44271288 16176008
35107064 11095435

6 8 2
7603 9547 241 3911 331 199
9391 8887 8087 3541 3361 9349 9157 1327
5153 1907
10
72520583 15583973
71399773 6752687
52494523 347203
17763077 71510501
2206837 16947509
87421879 41672311
1609313 17828543
26525381 19468039
33805927 2530589
75111989 48362527

8 2 6
3461 1187 2621 8467 557 2269 5039 1949
751 6029
7393 1831 6269 4421 317 5281
10
19358 1394623
34966787 54588529
48478909 60591191
51047543 3966031
9892469 386861
7156423 3320171
20866369 4708019
7156423 3320171
13679801 1375081
3679981 24176819

6 6 7
1867 9811 4507 2089 5743 3557
1471 607 5431 1223 4259 4691
3769 233 1609 3271 5807 2531 8599
10
19318067 7547819
7023689 11872921
2554847 2366839
6629797 46701169
2706091 2443321
17978281 44100283
177017 12998747
16685887 6852731
4912273 54463
5411587 65637263

9 5 1
3406 8155 7721 5977 4113 4553 5789 730 828
8960 4085 5975 7256 3891
7317
10
13252746 29889945
13401441 40861827
31540285 28470447
69407422 2173023
24301971 4318092
7362576 55984760
1549548 49995738
3382380 53092152
23648065 65560320
3221748 53092152

6 7 8
9174 4080 9878 3058 4760 573
5671 3322 8158 4752 9902 5355 6553
9211 5848 8763 511 3481 7450 3313 4732
10
64730534 57906896
25159240 1811095
64730534 30598942
37325394 25850169
30476028 60777100
14531616 3348583
13516176 12142216
29774436 26774219
30280316 29110686
32373738 97229321

5 10 7
3853 8887 9871 1381 281
4817 8009 1789 5813 2029 6917 4547 2351 6287 5209
8627 3929 971 2063 7669 3307 4993
10
49311191 37139617
30858677 13719841
19395421 30257
44883437 16522567
30495293 6444073
502709 5057939
62058977 10746167
1633453 20466161
9824377 12330341
41155039 18392183

4 3 8
9539 3623 933 1007
4309 7206 7862
9798 6519 929 5146 236 8014 2903 1361
10
50332766 14259882
68738034 22174114
7256442 10700182
7025375 290325
68738034 51252378
5071248 5713344
65190800 11928950
30196936 78342194
15611507 70604388
7256442 1855432

3 2 1
7451 4133 5857
7333 8167
3547
10
120341 77851187
31692841 14676617
42949381 28968349
30307289 28968349
21271769 22189907
32601433 31618427
54638183 28968349
30307289 28968349
61757347 6060409
33754211 26010151

8 6 6
5829 8202 3149 335 7078 3498 8920 1370
6123 143 9063 2518 2798 2252
4772 9099 2191 2869 6006 4386
10
15893740 29696913
29778736 35975895
21418254 8027462
7877496 55713177
6553575 25704696
77401440 7471035
833547 19857033
28411032 38673768
64147914 8027462
18470904 36774738

2 6 10
8228 2200
8774 7594 846 6438 648 5992
8204 268 8541 4187 8702 5284 4140 6365 2358 3574
10
1459656 8249760
2103552 76467258
52971864 14129136
62483432 5638896
62483432 2713176
52971864 38139080
23415730 8279325
59142946 68742872
5331744 23009412
11353925 23414400

7 10 3
6568 9785 3335 8354 2992 4286 4935
2033 5815 6158 902 4647 1982 1311 5025 1042 9574
6250 1131 4881
10
9834381 85187830
38192920 59837500
76162855 10422312
11985890 1306413
56899775 4402662
15497745 4402662
16944928 10109696
15629001 12287808
33004200 22682007
26393188 28383015

10 2 9
2699 8837 4019 7549 4217 3511 5171 2239 4451 2251
4643 7459
607 3163 7127 4523 7621 1259 9619 7877 193
10
15132899 3667709
26188549 35384303
55539577 55205729
29977721 2818301
29977721 14685809
23349947 24015779
16537769 75535973
10643891 13131431
16301573 53160293
20131841 14685809

1 7 7
3853
8783 7591 5209 2129 7879 2381 647
9173 733 167 4261 1997 1789 3853
10
41300443 1375763
23067377 8906993
12298591 5035141
33840899 69632243
30357787 10402373
30357787 1157483
2688641 57087431
6672049 11145341
20070277 32345251
2492891 5564203

8 10 2
3998 6712 9310 1726 8437 3635 2722 7317
9585 5549 1280 378 5866 8314 8955 1487 5344 7574
959 5856
10
15456330 44353344
64236216 8442950
9223744 2213568
23244732 24381369
2537136 7973126
47641426 26676650
2537136 32494944
20023800 43947585
24375510 362502
17317413 36941112

1 3 1
6654
8361 7123 6711
9271
10
26229312 52585676
9593900 5606712
55607552 17132850
44654994 77514831
55634094 62217681
44654994 77514831
17145296 9918
47396442 77514831
44654994 77514831
47654064 16443846

4 4 10
2810 2676 1206 4916
9208 9320 5266 2462
315 350 9874 6633 4203 6515 5047 2041 6893 1421
10
57034278 567810
1151346 1414968
25887656 24309788
25887656 861700
14797460 38701224
2969172 61076664
2038491 61979960
5828816 14015596
20009717 58791358
24940320 59990120

2 5 8
5384 2210
2197 7983 2037 4443 9120
7990 5423 236 6209 9554 162 9095 5959
10
3646400 11281392
8426856 37155310
51659208 2252800
49102080 13091923
16727260 50081328
20155200 355914
9819030 54346080
7955300 19720
4855370 35499570
23921112 20990138

8 7 4
6131 4139 8647 9907 8423 751 6709 6197
2281 7867 7547 1063 4793 4363 2713
4861 3929 8291 7883
10
27037511 65225297
8953649 65225297
66853937 36364721
22851599 62572177
37726861 17981123
9586757 35701
30377173 527647
10533101 2363869
9441059 34393529
31536251 10000999

3 10 5
2777 5827 3793
619 811 9187 8429 1069 9067 773 1033 3037 9767
9803 9173 947 7283 7333
10
31971197 66034961
2252147 4539127
104977 10902413
7579961 9733193
17853403 50682451
35688187 42504257
3918169 5668409
31971197 5947063
33405139 73238131
6019291 7439303

5 3 5
4586 6100 7364 1635 1714
4660 9976 8799
6267 9142 9102 1942 2505
10
28426000 80088498
2711994 64342902
2801912 17333232
21370760 22041495
34316240 19373392
50173290 6582894
46372256 93008952
64795836 42415320
2046021 38282244
64795836 42601720

1 7 10
6565
576 6600 5271 4024 5859 3903 1776
3013 2253 1711 4653 3025 5663 9709 1643 2136 5254
10
11659440 30709800
5407704 36958506
34604115 30709800
21045344 44960555
25623195 17653167
11659440 64079400
412560 14066584
48807850 28987556
59489024 12810789
26417560 3793536

5 6 1
929 9479 547 3637 8627
4547 1549 463 8443 7219 9467
8609
10
14014421 18077387
36346979 34938469
58107151 3653479
2075303 27664067
72837761 3985967
39226969 13335341
1683931 72685787
4224163 72685787
6706451 81501403
17719771 703061

8 7 1
2914 8264 6940 5334 9373 4092 9450 1704
4907 9421 7166 3089 4222 9339 6245
2405
10
17276424 7429045
3385930 13599989
52036320 27492213
8361528 10153910
12302908 11801335
5263656 10153910
14133258 25473192
59370022 48723675
25554540 22657505
21277036 1073358

1 8 6
7477
2347 5099 8951 9209 2741 2789 7561 4967
4093 1871 8363 6581 7243 1129
10
3736451 26617873
1333699 3903157
119641 8535941
20494457 64832093
37138259 60604429
56794649 38078477
38125223 49758941
93217261 65261983
17548519 17230039
56533597 10396961

9 4 4
5676 2158 6156 1637 9641 7499 2493 1974 4656
573 7554 6673 9313
8796 4808 9833 6932
10
15601716 75944223
2667888 91574729
40996133 42133374
16635789 66444984
55252824 25245048
13076658 44259156
42876504 5634309
13172502 52364328
18832122 91574729
77839202 30910501

7 4 9
5008 5402 2728 7771 3804 2855 8475
2881 5038 3549 7568
6566 8542 876 2896 5391 7065 9095 9346 6180
10
11090178 56060304
24416475 14590048
14428048 35593470
42697050 26202695
86682218 3545484
10132395 70730528
891000 54588768
22362480 4630822
33651912 5853568
10132395 26202695

2 9 1
1231 8053
6563 1231 8311 1931 7177 1201 5171 3079 5107
4073
10
10230841 21061483
11291429 6598441
8834887 5013863
1478431 20800811
5333221 32985517
5283727 308071
9671653 33850703
10989761 1009753
81270857 1205291
41126671 7864963

6 4 8
5774 5090 9818 5137 8909 2250
5538 7671 8354 907
7070 1466 591 3545 443 3332 7310 4942
10
39405927 39153660
44436560 4125816
30245770 13205430
58333520 6801102
10801973 45571788
75313878 39153660
55495020 2359410
28188420 61067740
5237018 39153660
42914498 3272958

10 3 1
71 1069 1039 919 1301 3373 4093 4229 8693 353
7927 4079 167
3557
10
683531 14509003
46544171 71066231
18967 54962507
17250091 28196339
33523283 594019
5416627 9622537
33220147 27437447
683531 28196339
26737771 14509003
5476417 1154663

7 9 2
6317 1403 8408 6884 7925 7913 6437
3486 1978 7642 380 2212 8973 3452 5293 2087
2511 2857
10
29223500 48586620
10251969 16733735
6361323 41870649
1548885 1431889
13973204 9959502
57193360 18615203
41947025 4966758
52607528 5554332
49191554 9959502
13183579 5554332

10 10 10
1648 8874 1832 3354 1856 7610 3377 2086 1865 3770
8971 7351 9936 6190 9362 4532 9505 2230 6515 8903
9085 4573 2485 1156 171 4076 7128 8864 1535 1313
10
9386829 7573670
59838604 5303032
11544350 24690960
11976024 2550459
20761260 3423050
28409832 24780687
62877803 1387500
19789020 15382150
18530640 32304096
7468736 16189775

10 5 2
8521 1061 8599 181 1049 8291 7687 2179 641 2777
7549 9887 809 1423 8963
8747 8941
10
8009489 88399667
27456199 66031103
15281699 72089009
3919141 4900969
38865161 5369173
1622303 88399667
10938601 88399667
6053441 28587901
34199327 3149519
6218783 66031103

9 7 3
3664 245 8028 8378 6818 9716 2924 840 1068
8553 6008 655 8363 5208 9735 3825
4968 5661 138
10
26078850 29847744
22013312 42491304
63804240 37506348
25745691 32441724
1471960 19002600
8580390 13839960
2399920 1180314
8177400 527850
28560204 3389001
38568592 51752820

8 9 7
3732 4056 4448 6523 6159 3505 6108 1593
6224 635 2240 2187 9523 7896 9468 6187 2553
357 5373 4823 6349 8632 5294 5921
10
55695730 44080388
71730560 7555320
9799995 3038319
61759764 2221968
5765625 33388425
3910965 82202536
8870472 41801424
15082524 15116313
20791604 1560132
15723927 3361690

7 2 5
299 6726 2319 2342 1566 7815 8445
2726 7176
1919 8596 4175 1245 6522
10
2145624 23432696
33738960 5973498
6384292 46801872
10430448 35022438
815074 29959800
83490 17223366
38209374 21938895
2628480 12843420
21303690 46801872
21303690 29959800

5 3 2
4787 4958 6170 2773 3784
3322 7371 2587
4742 2902
10
10342878 4498286
7042838 19436904
593419 78277940
35284977 7507474
37194052 56568564
47968128 33715420
9789208 15752924
12570448 12267554
12826346 34953282
45479070 12267554

3 3 9
3183 774 7049
4534 4216 3578
2255 9131 9880 6516 3464 8324 1266 7401 5083
10
31960166 35350640
11475968 11906552
14431722 26480778
6992908 15963240
2769372 9507080
19906896 63725981
3263184 41399954
2559333 19313847
35969603 40821740
31960166 27471456

2 10 10
2067 3380
3620 2995 458 1037 7378 2524 2451 9178 649 695
4097 5600 7252 2454 5847 3481 4847 7080 649 434
10
2349100 17546140
2193620 53663766
3505060 3242640
2680938 49022660
18533151 29810016
2143479 14516765
24111432 16048332
2143479 3794703
36503712 53878110
29082120 52601140
