55 28 77 33 19 92 80 79 39 84
61 14 72 64 92 96 51 36 63 48
22 100 10 13 40 15 81 13 24 1
77 29 98 49 52 64 29 61 84 51
95 7 92 81 35 28 90 40 77 53
6 46 2 6 35 89 66 19 8 53
67 51 76 37 54 26 85 91 98 24
35 64 74 28 72 94 94 44 3 53
69 35 90 23 33 83 88 44 16 69
92 69 82 40 93 44 86 66 59 96
28 62 43 64 88 14 92 95 21 48
91 17 42 56 27 18 22 45 31 79
37 75 38 69 94 99 76 50 12 10
75 16 80 12 73 15 24 59 23 29
97 66 73 80 24 17 52 5 95 7
82 46 20 7 7 52 13 9 76 64
5 100 12 89 20 100 15 5 76 57
82 92 39 16 18 59 93 0 7 87
100 30 76 53 10 69 45 58 55 36
83 88 93 84 75 3 63 75 88 58
7 89 83 16 50 67 99 91 75 98
63 7 23 33 32 70 23 63 25 65
59 47 11 72 55 28 98 51 65 22
23 84 60 34 0 43 85 33 45 95
70 41 4 62 18 71 30 48 48 68
20 74 33 73 63 61 18 35 64 68
9 69 88 26 8 53 25 65 69 93
19 33 29 78 29 67 59 58 36 11
70 77 92 96 44 19 33 83 0 99
55 80 20 87 92 95 78 38 69 12
49 87 27 16 58 50 88 91 91 30
49 60 14 73 69 18 29 50 85 46
94 32 36 13 12 50 22 17 73 84
26 61 66 39 33 50 82 84 62 91
94 43 9 33 29 36 65 10 7 15
20 52 63 89 15 49 76 66 26 58
34 99 64 73 32 24 39 83 43 56
72 87 11 29 78 79 0 41 13 90
38 10 9 87 47 21 71 99 45 4
44 69 78 46 5 5 13 81 66 30
17 48 89 30 36 60 53 58 59 12
17 93 9 7 83 23 60 62 53 61
3 66 82 34 88 36 29 83 22 48
68 11 61 20 22 31 84 63 78 26
15 53 38 23 43 31 40 20 72 79
92 55 65 26 74 30 38 38 1 56
64 62 85 53 0 65 31 70 81 69
69 6 3 15 68 80 72 36 40 52
86 66 26 30 0 0 57 70 62 18
50 15 18 89 31 65 88 67 34 18
94 74 55 87 71 39 19 91 68 83
60 82 80 94 55 49 94 55 93 23
80 78 76 64 59 88 32 94 100 66
61 41 67 88 87 80 16 47 61 26
52 84 52 70 3 58 14 54 65 60
41 14 45 64 38 82 4 51 49 11
100 48 45 58 82 57 72 1 41 24
46 74 93 63 22 22 60 64 7 5
48 22 54 33 77 90 95 96 85 44
26 91 77 78 46 18 97 89 47 95
36 48 19 62 55 56 40 33 97 76
59 65 20 37 11 87 61 21 92 66
93 0 34 1 24 56 56 5 60 68
97 64 80 49 45 17 94 89 77 60
12 95 27 48 75 90 36 89 29 15
17 63 20 16 28 18 93 72 62 87
10 92 65 46 12 16 1 95 22 12
19 57 92 24 29 44 50 39 7 62
66 20 52 3 100 35 76 82 43 3
68 70 81 77 5 34 65 89 33 70
15 10 5 59 19 81 30 76 31 91
25 47 93 5 95 89 5 59 13 24
22 73 58 53 93 82 48 59 17 59
31 40 52 20 35 94 1 54 63 26
69 26 76 21 33 71 27 44 65 68
25 25 85 53 67 32 60 86 85 1
36 34 74 96 82 53 61 89 51 7
7 47 51 82 71 29 49 0 2 4
97 9 61 71 24 8 4 93 48 19
93 75 74 58 0 78 76 48 16 87
27 75 9 81 24 27 10 95 79 9
43 46 69 34 85 99 9 76 94 17
88 11 66 13 38 8 13 60 32 66
52 3 12 77 95 31 53 67 21 58
46 12 65 0 43 31 16 45 21 40
17 53 4 6 87 91 69 79 78 8
58 83 41 54 70 64 60 39 11 93
94 75 39 81 9 38 37 79 22 93
2 67 58 50 63 52 64 72 83 85
67 18 74 85 78 19 14 14 60 76
95 66 29 20 27 48 10 89 10 31
23 88 65 56 29 14 94 78 51 22
78 77 62 59 2 78 82 84 63 68
10 65 38 44 36 18 17 88 7 28
27 39 37 40 75 81 10 61 87 32
22 29 47 46 68 89 43 91 6 60
13 86 19 49 48 75 12 30 58 24
4 17 69 65 81 29 90 0 18 29
83 47 67 54 100 20 86 11 78 96
53 35 32 68 15 84 19 40 71 90
