451138814
910981835
771670972
365326633
361083247
202764549
212299985
270278354
721180890
702026079
522994925
177362826
354384207
391884066
817988920
999118981
851829804
518331793
813927353
602900612
815553005
502691645
260609270
972719778
655672514
182369764
42060466
7505752
565863065
460316800
454348084
129023352
872902961
869131844
351341528
867773226
833869087
325683013
711570403
15481024
312321474
832515993
35225535
913748769
36849955
285190537
989565335
730464817
790595474
658010188
402296232
429611468
468759658
375593820
403317805
350987278
385539886
105496088
569419216
582009327
909112350
520678677
634035147
657957242
687708922
644753828
554664100
915225466
957432421
595693868
768186740
663451017
876712468
949577891
209515829
98531837
601853100
118853557
529327432
152109082
410457581
96486025
273157613
337382336
350112819
304717810
344676472
848798297
26108911
751196930
122331414
653950275
618144685
335172625
142048292
10543346
119413362
420079315
296137699
843519009
670612207
928075588
165127534
811912869
658179348
971762645
317544887
664376165
510170768
648386309
835907583
453232943
973206838
527056157
548935432
457706589
70279891
628884393
751297985
716118475
295973709
955465932
253197641
492191100
280935532
965167051
681837730
356526073
53693855
170201324
788029616
878392283
841669795
985403547
542536044
103182830
589556314
154986237
458360563
406947428
526149135
871467047
685740848
956646521
494468306
635326118
441794610
700261453
954485594
989763367
682525776
741389598
801190183
565481021
380392532
605909601
2066906
943480547
357709252
396850415
369105100
727221764
133030042
227814799
16643682
556014182
775694767
361148795
660285840
207114361
802967046
601682625
656491824
922926300
218110394
993556483
591473620
830602728
604475810
815785526
616950630
306088359
375454318
80355549
681676840
945267535
372857908
287834069
757055914
599436585
314680331
784313839
109925917
770360093
768854716
235138807
865893151
595097405
25768207
91009479
836055916
631038192
97663173
765984432
235682648
512303935
303531523
538635817
974405271
855237134
855944171
955875838
988463747
795367885
408337774
520661419
970344691
487786514
530954278
358273824
465858115
145534032
642622832
130793676
368065103
419019369
563403693
581113468
761826494
283374326
980937677
153720831
569857135
481413273
160684037
251452041
223419317
35752900
281016198
420053771
230125575
603325937
168764159
191965886
335374370
53428203
910492174
846244718
709062396
342281766
927959074
499657457
448961450
81755685
381909596
380515291
71156729
257537770
450926560
432822237
952356359
30076644
885725791
142309711
640400535
788771947
793795966
896908183
140723254
594653997
754639315
439541755
999862623
99649283
114276046
686465705
418162291
634279614
269697299
695690062
902506621
247795708
113025038
816279057
890156011
937758419
357145575
274133506
80361582
589534900
319086088
442101769
102457295
149590619
924425627
673831372
411667342
958621162
217632657
21438224
598681251
817462032
722734180
216770412
513850213
761577127
992903932
329006803
49628411
583260874
424808173
854510866
809674971
284915640
562255103
787952166
849977031
142468404
607750677
497187882
910475063
540374957
547015774
29695416
346775283
759897026
637332724
403640956
987327647
989900607
872014271
940372739
526979661
368884587
421613777
824435115
772545880
808720063
799439093
797993344
192277836
877061478
309693779
597543041
221681810
503496367
685863237
354045737
995003931
618582905
290111354
545744416
453015607
718162712
628550783
466204118
883541173
145326378
360396968
595682894
269592268
431609945
428028932
27067561
940533176
705024390
417764799
362745361
997066764
995033704
492740525
81177008
616446763
885802258
593952682
989814077
588706590
827136813
20230286
63868214
680858135
864356709
691419158
262390819
861344396
970875781
504393805
801787274
313362904
58619126
159966491
53068569
552581140
855405707
371589830
124344854
1132076
542290490
131899641
11991029
22477565
696789531
531341825
234912608
592812306
236693589
416813655
54738003
290204158
762192077
150220744
438197715
807247960
495852636
495620564
946739364
68957712
26468887
974980704
16505889
890153027
890764257
494477637
348917580
969944180
504797943
947715475
530542861
50415241
23380182
892147344
238397083
792885117
889341295
579384527
830029759
782421500
45216444
19606087
123096926
647529719
238684034
643649283
234320380
341426248
82687675
699111139
928391564
186779572
58308617
547552981
299533684
607700169
747171156
473211598
970256051
316743530
226928430
765338846
205094945
529420729
71151868
574757911
215427683
562132573
68720465
494158671
543488876
580616724
595811647
229676623
812801293
412120011
447101124
770194870
308686998
760905088
400255899
517381655
505272058
379933731
368938951
567183783
289539907
69103348
690214176
99356701
387508722
38068270
300143898
402504085
495275811
434407473
102234103
936350728
500522986
781957258
960216160
24065554
374932820
574537594
882726492
336302609
459605379
193621790
785931814
914065959
37038418
350404644
21667543
554220055
198869101
613549812
498909530
692541646
256670667
859092170
422733342
134847242
902090705
995110119
598744083
77134811
587391425
743007932
775648083
935636737
939922137
877012472
111161684
513449429
473019866
824808551
341798841
185204956
846490109
473434289
334638780
709964602
703894837
331816383
854764571
48692912
102747602
489128301
759547720
102535774
392753591
636095125
246478282
771479564
406441765
663902949
481601403
369517727
442185884
982305880
24656766
404601968
44644840
135449895
597674841
473772549
416105392
293688890
997057290
136177992
521976504
735415169
868643909
283411324
108029435
402102065
291464601
186003390
33956348
134030514
340786904
383886899
696303373
676979309
177451066
535308134
952991838
332430414
311484872
872975337
119270454
426410527
829050103
553581092
524429198
568098334
171559592
458213511
384025350
757067625
30908783
429640583
166198874
3919146
620142759
460306515
114403828
144883298
476965147
465814966
223331202
252204974
682749440
393610829
398467911
324473697
876881837
320762112
132230513
388784509
345119618
284334792
511592160
757148424
972018297
830003343
94121319
290853544
304751865
810574905
667720030
331745245
946989588
328499109
914828303
550581194
266632051
959343801
140967824
633305741
924875370
738363579
968602842
342182333
809328852
671030958
828316674
176750839
891378573
137434044
792758330
287400787
615476808
437041562
404275995
706194872
113237722
834460122
46898665
597780662
259608726
403790833
174660227
536458492
257113898
795776689
547516312
32800813
166652624
186226281
99452484
428390828
964449537
447723742
587712283
496947728
765527424
238478374
861345858
360679564
241202660
154803546
249376435
115257440
216526576
194908096
187396767
78676273
649942732
931498581
392338404
330248368
864823676
491751625
4202851
46178963
724381133
912812725
386679926
633498880
988303782
365883195
365742221
474516491
557183657
769417800
231852221
988072168
69947779
584828267
916242921
326406376
834728922
18750350
94421581
504796
933455338
399952489
500243953
676390912
711905440
892316469
567961216
746435717
406885856
113493404
330618893
728912158
528345253
553531464
688206097
887773978
669133765
110372088
927772748
96765349
445509772
565820982
713418461
247123481
14955803
876623122
985072553
620250633
11926569
130242138
920183485
828109313
873893992
275688389
709761342
212062675
655497957
298147698
955713485
660817174
243600525
815995871
11539508
848435575
138135687
442978172
26629611
837304944
581413158
145571464
954433993
501774684
444246416
605862320
874516756
453320724
659309891
32915610
952379005
758547685
708423037
104333605
398469516
763708287
372745141
869150062
35940334
73251128
122321689
809010511
471999178
628305911
807108218
646783110
506311998
558532204
361426921
558200470
867598609
366157775
59469290
645713997
259428793
330606770
95037632
762834350
989642134
734286667
20076123
360232058
726865361
850391227
610933891
521069681
786071575
340730418
420713695
142687112
14514363
257345581
840457199
92005579
382663840
304146873
851342463
737407029
332914925
293502662
614855735
867443456
66352757
151059249
680171213
822120786
593279038
413283985
583366995
108125717
863012818
317570413
762293868
193788107
63113383
62958082
864223559
888981340
844203262
969740961
99988664
601179804
138469977
504461575
617075237
653793650
888808123
48127446
290043619
755930193
786731929
36449381
864635359
75670369
709245913
778175487
776762977
408942359
369098094
52959403
623840862
43452918
205165662
388143358
140252665
720412474
252180438
767409470
509905562
479866141
198898272
404106612
326634587
507588025
558152652
510767066
74090929
725613019
375313872
925352436
265298840
426295650
235665813
800674003
515705927
461942902
974317080
977351179
124166083
283899606
1510744
859295640
168658216
57323040
924568361
255904532
695641702
236207060
998195149
556419958
677357627
235268903
553349878
863410654
926862569
440296122
32185463
942834192
85492419
703351359
961981790
922471661
840609955
481866609
880530110
512656136
791017871
989520598
201734648
34633070
192556812
644401501
187347321
788038079
494485678
618623013
937809753
563513281
436863605
544703098
751928863
603195666
983393101
928615362
950910424
200793931
701596486
679728278
701609347
383313898
677497622
447520420
900994610
984479132
251851465
984129682
244438206
178450609
737701195
983220155
84604728
420254368
454817727
712782949
941774605
842524805
694492436
698357863
593308254
782815252
615327228
970505115
119089160
233861611
352497071
716861636
240947021
101023597
453535407
268758977
402317287
706332475
738402765
738012386
650777734
971934970
570527340
899340248
639823328
64615965
383938767
601819696
656589710
944363977
559353788
732900245
436177035
58801082
593241978
611387278
570527890
364534278
448969326
350847287
696270159
133390108
584043348
439351596
827223519
554639719
592122409
132352492
879379025
964120586
725040520
670738671
535189006
718357699
942200201
39375581
693561251
633952511
341045207
567442649
372171180
943324337
281241332
913212513
823761386
823498572
426324712
568657062
461745319
457700924
93998988
513700910
577460227
251383573
23403229
464662366
249415120
157743438
68903627
344903079
897983505
141276603
724082868
684520638
685860021
553560380
939303590
899229230
961206885
654931173
304310392
110340179
58051458
390183303
207203254
249005746
55300904
497392259
126677110
540725915
539541101
508041881
582281841
307428466
662382880
582918460
264939323
267597707
487058451
306652694
734733723
639396702
444255466
621969338
422274638
941688147
354470471
684641567
127554515
290052079
734867033
23115223
621895289
659638439
427777823
92004002
582429163
803504481
122652557
335847119
771233241
852051035
326582997
37805912
926871476
958868920
312875898
620536750
103578929
823356500
529749834
706344638
931363161
383436477
938623121
219192264
443706768
311731960
214151915
93453438
348891973
150485341
709961144
761452986
984933890
199280999
823291113
833325900
324483395
706375434
329816697
451075394
145120130
41928529
859999910
421972855
837705750
133849752
329273183
308708386
957176866
261072804
854346130
566568573
460918344
710442863
836649391
711860132
390689919
415340207
860984260
864103640
739279267
162282712
267091477
168924653
674637898
938063136
527701732
630232611
276468551
127023707
13516470
134904305
556370773
458750500
596836444
230029886
963012325
680939282
180764010
364955406
59126087
98842381
840495969
606083302
7522906
975478426
15611817
371094894
755891964
638613472
811319991
796673525
450755687
961446596
62225625
458961337
736973398
59400007
67299463
482466225
56541511
709201413
676845753
461079221
269507200
842084196
362526435
404195765
591471030
28785330
133640902
465756036
527526450
224966278
330356827
322980053
477489602
266484538
840969576
590055702
506227696
494130952
867386759
554080388
337095711
599357263
605208056
68274253
542232676
568905086
650798620
437425191
223605877
347788615
603272585
104288623
790093310
413966092
467023240
525447831
154536655
501112053
337660771
81264561
493896725
726804382
834098234
446639849
241514074
639589173
969987413
555945760
354286568
64309445
396401169
260496197
373292301
994248935
215391187
232502881
920942006
292768961
817344788
434773766
626167864
545148795
833763353
958443830
76066571
225618018
71970227
812349980
988158000
198796914
826332069
952062586
356132067
359477494
848326863
437001807
261795900
792703776
866420584
737838897
777974060
212798694
449539373
882442712
540287885
389553908
711888627
805294591
169662937
545584803
711060508
426779564
177047933
748065965
681455358
118507752
387551548
136136314
891791235
177933226
852643001
811838118
988470168
786221078
714928728
394722964
440572067
708034454
734962410
708481968
163846317
319756933
891203246
489543110
13074819
576520699
409704366
258957932
787664052
387899999
487753297
16775494
565297894
60683747
960629048
219162219
130741910
521062319
629855035
18807424
74175024
806521616
276211718
182648839
243092111
763273807
528409370
620264950
975603778
69827706
149854944
209016471
667572404
217654980
756706627
374182469
991463568
679718644
529551150
354968874
522428842
44826000
85344331
475022952
796787855
731567660
827482698
118413181
221311802
584261091
783911441
901765602
569106155
896070047
76219589
864117363
820427965
697352070
743581567
648571836
556392409
914187608
84729592
45471431
432765273
407108668
280565106
672235839
820144096
472194984
942122305
577038380
597302561
44017856
456699313
108601907
494648045
861123999
753232299
487411466
466437422
292322499
71750393
548161370
123005918
598986399
659341995
267209442
997000486
384266752
161461033
586579034
865022484
885166475
652027069
155832521
297736396
86257916
118991914
389936939
749554189
550904432
467476178
396932680
575547668
911205664
144456262
815108751
376381781
432712102
461562828
505884880
625345862
641650924
987106194
773619471
846884013
50714251
694370292
274756386
840948856
977267774
511143761
636234618
48051555
526023424
302567341
833406096
602016699
807040528
226862498
341506749
294565752
114661895
504905913
32600852
827365349
938844884
664152146
886961424
482445633
779080285
409158099
462408407
960785986
257596697
820777944
78505745
556739919
29765394
874968233
455738931
6737713
629411645
468105398
4199455
23255919
891953917
885452673
237001596
959561980
267920766
227743742
984897021
294553518
563926991
496374250
992965261
491568205
480783319
348175283
738147352
102320311
941254611
2949112
342109267
728249423
438619405
523186360
154974868
417436151
814072
576724210
360339996
768788311
551277990
386422803
502227680
437746899
921308673
92269241
518102172
295676146
20121476
939189956
432647346
830508025
985084016
667419558
106359501
64357603
945660805
23550176
302763181
749612579
496245299
740504929
153625636
386823613
431941395
905059798
140163967
897089042
650052298
926515212
272007442
271075283
413627289
193881605
894884448
263129486
261941936
680580298
856708757
239249882
11745327
218655127
151768729
849721595
936314483
105276987
975461172
423738252
730079216
310244594
861491228
650806402
830990993
827245935
604852360
742244501
442440448
727139459
576870540
395857707
574982835
140963041
234000150
930729128
845947176
589796014
555312976
374036687
387154160
610391521
61536210
112109988
787369278
675293865
175649316
767293190
391146376
471489695
959740021
200392440
29184663
444716044
477475519
302147638
900290867
419548890
728339735
60746528
227204642
511658386
599037970
549088068
265574700
631220956
878342620
314269590
833501019
3747439
418805910
855345997
13238041
778770886
289484097
627057966
591838965
962494229
956867481
947141497
398237021
408324880
844466910
368783716
1922904
705392189
266397639
754849474
402112259
512321296
583403516
159137038
104737120
981250122
425101389
589419669
835095564
652898125
30288501
101592980
618941022
263926842
225206121
894521032
637119250
789317086
48743775
375782609
280227827
564803071
931121233
735630923
772279607
743232149
229251899
144883357
361930256
940546544
516906817
171501390
335928527
378124940
837998148
858147988
7331086
880792915
501534129
140479323
211227530
500323460
150087206
845902843
412345132
115518655
565130712
718253997
924898327
842523764
424099232
43011587
536915334
592135809
706093063
131653208
717913502
174847673
638298564
156426062
946256389
318961020
184000044
542069618
221066009
944200517
132609303
661234677
331223392
936299371
721380014
601811508
644189634
905850455
401339619
745397118
362657285
815217752
95269485
815752800
659025950
463441736
232550287
255859293
471420865
621091370
754759422
351403470
567321543
52902071
666961210
602710207
870630246
811305728
312184353
973930039
672612266
45006759
18161896
821208552
73999133
383827520
169320399
991166199
921342580
612458379
346943267
5675541
896993719
301733127
299321566
732265006
598295289
915873921
406773613
392272277
938463475
551455390
689890681
114405081
610982166
809329996
244871933
542837568
866805095
82523966
203093706
249786125
738108285
491162733
538737405
545735708
13015703
512374700
222665148
251639333
969341123
278266467
883175608
813195216
485075090
421802987
727347987
85086123
610294555
1758559
829538686
753607865
339423389
941602497
660212605
61627500
19146318
884804002
840331715
978372984
155013027
277974369
271180442
76137677
572947163
89109267
849885099
293194232
328584196
467469016
689138590
684170631
340842956
33242543
708041166
919678973
454321933
894811004
758138558
768231986
342432534
655879312
653681766
130640496
958628209
415279481
794394747
350955143
251203682
839296153
772868589
800337430
951573443
993754932
130723805
46001323
808404796
307099260
322612695
585275811
303997668
354415420
169388798
676443454
816211820
285755551
97027306
190985897
283404007
634636680
944610448
983810291
406141193
664676203
483376489
36632790
444059985
577046568
137706343
951644863
437214512
300534240
741144990
479093523
818348286
444937348
47921480
279389287
647583068
828248057
783961016
899529887
356546947
735076431
623462090
221384202
659650873
210977759
497514286
255473330
619808675
976591913
585383958
214121322
867550632
136370011
66031849
515823393
133807889
261566641
622496280
659425050
471085094
550165494
141995151
246648555
55850705
56040821
740230720
680863625
78603677
504067609
284653981
391034764
808440756
278065587
428316444
609304118
644306236
277252762
79960587
495504582
63983352
574391676
404848907
845972739
205268140
531919692
880888639
906373977
624494033
17552263
567083080
956372891
857824647
735335179
310898613
417218737
969215798
389460817
494167533
29981848
341386581
531216095
425486396
631594271
484266032
198545958
899031778
167215433
339143805
148511011
281823187
160391266
219359268
849924853
307967252
646208968
554545601
69897235
177882450
895176976
665642166
321684299
853383214
732884180
657398486
551815612
231829033
291497406
554043982
978819724
616785718
225874244
196993695
369738707
66162774
844068752
98599103
300824434
757957605
247985712
663619917
344987440
252521252
685471501
205701299
34372652
553244614
495812507
393932136
170683763
403660021
603945021
9169887
385047023
450000087
590805261
227566413
831694505
536380611
143467948
944784218
297653763
651992727
950115611
188127797
361187946
661241281
122334663
722588752
860244909
868488373
989401084
695125455
928511193
520928296
189854930
180498464
64369975
998090946
315840601
568850951
70428566
779679770
487688802
743584388
712027137
562296304
248802217
596771225
197533442
228542913
792692052
890299936
890976427
252023259
392341378
143709890
907193067
316879196
919531709
293851668
585930
771696233
149486067
956971202
181160196
645327997
258371325
451079769
858699061
801236270
611487195
477861490
445400064
968456440
287451283
483118434
597550503
260330805
512338833
423635415
695380950
620351878
529421567
537876788
589666513
502050492
551752370
354623621
273722751
214960138
475349776
864253125
868632463
19983145
102683266
999139334
307012839
571952855
444288279
287971984
540499251
356217428
566362872
215104361
268340285
476266336
265920403
996527285
740191522
734338955
857336901
456598122
29678446
809214962
495090987
181539569
641724310
462116761
636456769
369008876
912142502
109216346
339493193
24584849
722483495
196857111
958635126
775238331
189976957
131635937
819286143
939626047
788418090
400262155
868815782
985753
424586216
902334471
763704574
594814147
959426079
515057980
708204152
449617721
661315864
201462429
544638649
150218927
20921435
473332766
479387226
385375679
761606222
345477609
154790485
672284976
71269148
686391918
779638039
853149658
193183753
951976338
119151785
883920681
10123644
941244207
119206228
946802238
599517407
866970943
285777105
213272554
11476385
423613743
1292337
71356918
303977602
321137265
834203663
311437235
180028102
367242051
186107026
750706860
36539125
63918860
661306929
217089123
92132540
922936220
715407433
833786237
360069981
702471317
666445105
948973766
816215673
29577287
260101998
311191239
24400252
580775441
196697386
995832514
126921798
255761033
619288140
735765480
630453635
110277036
44425158
171237456
305344076
156547724
584940177
372249101
741143628
801602247
513368053
617101411
2311052
579884385
732063427
598507911
305185905
483031275
241222248
376953408
70738211
15744030
1725709
865570524
643530283
401488637
861836814
652729191
843187108
110027949
787003315
12896808
999740698
86841707
329730010
462846431
762401398
106734791
785598245
363321078
875649156
683233795
696399479
337453342
172401957
572652109
828745038
817510584
169489705
273463810
732441374
817019966
535823071
862393637
818660589
741767186
925910465
33624309
988028783
746004283
543760936
251137100
742649819
853212888
872146671
384871357
384507167
934375596
332460877
213269355
285563270
704128466
428637206
614340669
93445108
60120507
23753849
196277717
51115525
787679936
927083713
973858340
688690589
874075051
133069819
708693946
463404875
677351445
560816975
834736625
476527886
663523458
769889687
449409142
978564885
219667753
321699060
216545518
563960594
766885564
241563903
70756799
338665758
728700919
394098414
41501847
603020060
880653437
904243485
708542044
872941883
940930542
374091215
145070767
666126237
740164174
365566991
927668212
519287754
202510500
832253257
723342038
533434843
400246265
586469114
407512571
589935638
763271848
897822600
562494436
592124055
220378012
948155913
125056865
902460235
938650829
969271062
456671768
217023270
455802583
902708302
51914079
22521687
129209568
653494401
193050542
987027810
834917769
379569589
248453687
255539969
892314761
458792200
512740073
860418676
621473564
290093126
564560546
198899054
105493258
743263647
6380770
706026168
741351018
250368967
333919601
895122201
274154450
355192980
861013402
333117757
244529618
370065503
291854004
724300674
138725396
101024950
978223065
40510476
824926470
85415505
797627411
705007528
629019167
223672019
9483396
798003227
97162966
362751528
130078851
976352152
736205821
327933928
701869417
569411319
953668803
77264420
50838767
329510202
863502419
313058993
599840380
144144636
821463118
409674534
184575638
680672622
414266219
40370463
950832533
413158959
530537502
542989701
616709886
52872769
67442279
182257665
180372201
728672035
735216626
80922388
311101075
507711824
31706610
765758409
683403307
745054937
231082068
906979035
891743962
639722610
701979660
791937662
287429629
530105923
304384893
734620323
379835588
558053223
265361193
856948532
488564609
275263341
615156591
65294042
536653987
186905738
435147941
786207185
20572392
522933039
375693341
24690538
489191840
19160926
117953016
266736410
428077527
527942645
257560667
667386823
370628277
283328994
188103861
612113789
997914950
501056666
481052158
995888855
193487750
267251045
558122017
287813856
368828961
125264753
334867302
252142451
113089811
411037225
678283585
239749012
523588608
921481906
339830348
815165949
654826147
712408194
367994725
849837209
400747373
161838318
210350376
101132622
710840927
189311163
407142572
233678711
39097126
465780844
931528464
736039232
535291025
942677493
935557113
379910802
368286255
623035492
24642211
685054970
116163021
861721911
78909312
137813720
247190388
853221788
767440258
287237016
302311251
963513875
83991023
273399319
610157764
927000941
628466245
180941916
115944077
807932968
265686879
781949743
988387070
129301829
897009801
144167204
327778262
342566284
520573368
262718157
364940326
643907999
268925725
917498765
314584454
312884129
652121114
723093517
99658471
376561264
252441830
178286367
396913936
391959074
928376270
229680914
4183556
331355351
712204601
65706133
551048544
650201640
515176766
139314352
536734787
644353298
100331216
366588396
841825835
455589997
597478910
205894478
900422847
379032289
688382264
60516236
380328651
272198323
496055140
918011964
589130534
599246068
971372292
655194857
28163910
957099876
485209114
222513536
122996216
892876991
603945407
899589436
418132880
360260298
842864781
236250535
729025288
982077757
119765406
104484750
863359296
370763678
588178174
688420232
802060848
770508498
302408357
244859236
3316222
890269776
453631568
669621029
116365618
335902911
605328966
490184244
146705161
854466068
234634518
862153401
416642758
411548225
620030353
608018132
425463128
163057131
132526485
632875067
452164946
309314854
171614913
498368621
382767441
850025028
875629780
532646813
920065088
819250400
144225632
806765138
504600851
203617974
852449028
713594827
954320570
140874933
607425920
202830192
480588490
800889848
467645887
35641377
271168483
672529870
285713205
7398930
86297533
546031015
807524315
163677709
78733135
335016259
134819416
498379472
857615315
328546022
864359130
914063021
610980142
284596132
215011965
882379570
758772351
536605160
803560200
400249646
626893713
923197888
351009030
564611176
612437075
63644911
437586329
683060199
356436357
452123935
473586231
727095781
716754149
879930977
737433375
342302901
836736365
950349410
30056474
774226730
891599458
907761961
783204210
529715287
522040904
155003511
882227141
452830358
637402283
838984463
244720125
17413390
790537068
293832862
550854084
936958895
367673136
478162022
955707413
612316466
753611549
105612132
787972903
766562508
495147299
220463129
640211311
311569032
234418102
169948338
76795007
880018419
818828360
851425528
756245756
984959995
570596816
774954417
996097037
414560651
410951298
305586723
695721338
47064599
635311601
271844974
315378690
401989434
607463861
305455166
889739293
656168414
393297425
15326347
686979244
958723925
211067563
186330226
758328577
553458114
117060590
87930022
821491153
195772773
368807418
759347525
797472838
194575387
262452401
412385859
102102675
701325917
86660802
194581579
445467390
350787218
141009411
372446032
129453010
354384961
900200939
139818759
985155357
177021219
866991799
641650390
657727312
809184430
919107008
618221041
95587114
779754498
776358824
301100796
816910244
664732027
364715012
596852964
693439884
919480836
202894696
838480182
32997450
761941768
332486443
942130502
369784211
419405622
980556657
927638299
257196847
874549807
595203519
422028860
643564082
6379341
940378955
626473575
134249386
648198275
882073745
451744089
793579778
146220408
159399303
913424245
286351536
234563436
879625187
614651647
562097686
106718489
993769719
389306299
109562818
924961527
504373921
698878874
721222131
6765290
341532761
911539677
42633685
946103762
297649275
642371892
86412138
635219634
634290586
606297063
16930823
479703781
899464469
898485728
415751958
250855915
773019452
244133948
465430843
937692402
634430786
939017652
938793311
531200671
202525482
489878142
824006941
39270693
34677852
21843069
763520503
787534908
785660920
216955512
889458432
6389526
924027035
621698992
116624799
555330882
900846268
423652598
53870708
287064259
186887405
585728825
120579921
765349744
904016298
126511658
4460544
597826153
248632344
346052531
655346808
709757895
790202518
298415555
602678358
294374872
997384542
896712318
24457216
249808250
86306980
230305318
122658350
179784407
159722078
552029751
267976757
191497686
878278767
604443088
953737318
790729682
428997354
685669480
286258023
249000039
496625151
901342035
451519145
23143531
271292339
252741846
401948865
461216459
26914885
546220528
314506067
362603398
995507933
307523160
419470116
261805410
364414084
332167077
345147803
441990379
480696186
38426037
353070991
196421475
235848700
138587506
479831912
770058959
766385566
565084135
76701985
622565012
21044608
179639414
704378467
551462791
812444341
463616394
67644087
225029430
805794695
754656172
91551863
499471724
138766879
190604847
94137540
594470989
745089558
447341898
475817664
41699075
123603170
47802651
551761070
11130735
900646615
476490128
762240647
164499300
75746281
666805660
592474188
181190675
873240512
748114628
295116258
85815366
197986298
100365671
168255148
776110293
364423416
733390837
178065887
308712307
587993481
740898753
664429872
526715768
383275123
558777298
485628368
539296094
667671325
540502410
10184239
122197112
745302146
671871798
136814964
351659690
528667353
41069143
932146421
384513973
553412236
252435256
593219417
300347600
336590651
97972149
170242776
431670963
541006429
153090603
974206217
878108405
418123965
765986608
648147291
817276898
578910715
580264971
242927105
652447248
146614926
766633164
390565645
119556534
710453730
117671280
911032204
130034985
829447800
850505127
673467777
838277391
965585968
666599982
305528054
582556705
432176546
831056232
279880923
468757702
598469864
867295636
175857075
912625434
801037358
73663705
109151022
101054625
332898519
629111502
562178947
923679272
774936752
117975153
162480827
819254592
390964576
644315622
559556479
548422229
237531646
720490210
70159908
290138715
876616214
241428325
216326322
560487777
28786184
269303178
823074796
423935608
442050444
883079966
998355982
991308022
312207106
632111714
875367731
969877641
611108129
168165112
978491837
412854019
38538052
969931074
726998543
982958754
7276591
797816582
747552297
14741301
433300190
547967859
737812170
466943407
932880748
808410083
170391146
681965290
206442635
831075706
175920110
98265811
103501106
271940729
257501113
814572406
803572458
404406267
493979364
348284974
589024321
174120133
297101825
395652045
511509285
771081633
406815772
65273063
695868305
440632571
737896838
720689342
11323097
911698366
965880738
904442198
714099118
336785894
427303231
636850290
192691319
340920962
653197261
611437229
712194165
286432495
82416851
291413247
882153626
483465744
61703713
757836526
212142914
874557830
253139715
261850782
272797239
101227526
676962824
852918568
639641712
893463129
952076088
443308646
50741205
26725138
837026996
996002106
503286184
613768956
145460868
660050199
749643174
523877090
449588067
773596948
859206616
847041324
798001656
552434746
44611803
13337679
736404191
952714713
758576276
508033701
258475810
208498396
752162390
432136791
183920493
327640583
948029238
866081448
214282715
524012773
112218713
697835259
586327080
683343438
583549800
112783283
432011873
968686547
378003048
444963699
550879765
297219518
303561754
520873726
765514487
445348530
747022339
137722559
448342335
467772045
845887647
775636639
33768967
529839735
224034821
284305971
714455883
638081329
122502919
924188242
834935672
658689839
748967229
782397565
955760408
14279261
468036202
962755980
192254264
207633328
840439861
144284884
194852898
95884148
658403900
929474017
934972488
19583222
444764993
167877903
131327306
69359424
155243810
812083395
716732343
87224787
347304378
627875468
385859816
741256758
857349400
439349166
42110752
627491506
681108137
701673275
191788917
325628983
945901789
710661873
621983437
34976688
592841613
649805263
869690708
500501477
743183500
649099021
97239314
383020951
669151892
610477050
967431179
486567640
492486551
898522768
836631414
17163854
431948957
441054445
212261196
433754623
563051900
713488625
948723962
899020690
454014330
516415844
465755045
530189173
643184879
92943011
178970184
624844976
440735401
234948112
981066677
762356132
591239970
909850539
866679899
951541421
280953033
818459821
752743532
129420199
236648444
23066411
266022602
229554997
322417000
945440777
238077030
361790810
840424290
725746439
102153292
612187147
613297545
471651520
229028243
37750213
698721949
833095792
271356790
123695228
520445279
306283143
447246285
311684688
682969213
646147069
738407463
566581201
781755278
209432983
741378736
365077610
984592364
141626121
85968077
396576526
887049841
863143204
844630872
242907396
117237908
872664674
677205844
610642568
759261744
73839880
100396762
17388075
670371431
138484267
305929804
148095245
707575040
837829650
378749913
276317811
93029747
193247233
187514294
868193755
185544547
877507610
984128074
94612384
92192429
45908200
509202185
662839164
711091588
305807867
832564030
515202868
391317284
822346294
403593156
330910496
571834381
354733322
680117549
274158431
521363611
982261478
447521403
448286028
839473656
536799655
784726838
710689011
880047664
658031222
41646917
135560253
492814727
801269769
552605298
847802510
933437425
626626120
350883135
802151673
456271196
123616152
220023839
943498228
651331640
530326790
936771325
779190228
418323015
761100434
238047072
168242816
889660200
11828897
913654089
857212815
271119812
575051698
9143374
435744390
882469790
889986671
571345023
113954191
256596701
832856079
586191620
638156725
682491737
88719596
956990054
745339263
956958792
909536711
897265890
883291643
14462136
615440616
990779382
472752336
251755494
198425435
72314821
225091553
947792050
35758434
304012528
867222553
130741225
647683442
562095665
973239966
708490694
829128392
279027783
928464871
403619435
375427931
829952724
290219460
404498050
799939397
920999977
378418319
740179016
350998703
116207668
308870210
418563068
365711270
824384104
823654759
328949544
492304524
547954467
830709474
730970242
647111491
225746709
797338965
63675918
652301606
162786406
93058385
130963065
33777553
383301972
240097229
370227485
723830274
44716240
280676697
301523681
736123633
296986493
426329283
828554494
19680009
423826597
814900197
584627108
784394885
301040097
596666048
943288665
645566618
707281788
374222099
491019413
840691392
986318464
75221930
123046553
568706102
590076375
825332648
245744918
645614889
982072633
942741794
285723170
928863389
501639184
140161916
501029085
734013162
871684883
230232782
898136954
166925790
758561662
276986022
524033422
410836525
345551650
269765931
907058678
818744443
55618801
766736483
435857746
387185316
558498428
955384434
30146058
734927411
172610897
919100292
62313939
315499510
3660213
253516005
12851883
863373184
749888921
876892785
81191061
466774269
785026480
512407784
456637444
230764440
186684621
105011440
719445659
327739083
408893934
699809818
932709440
668324632
729720763
855027043
852291743
302688894
152852179
123088624
782613680
137811574
520905826
9302815
125310087
149491301
250614242
67593886
671468343
166388134
21237622
121681057
579111727
830986545
177836720
981274889
915304812
238503857
805950708
747220295
164729945
473841727
361993657
324295326
75604011
155215988
7810910
349858989
128290505
898201875
987962107
86071278
554497975
148920000
952490125
893660384
583082510
374347691
283527791
915889931
2154269
162709918
827925361
301848638
161235426
133296448
821494901
942106900
724944354
812255586
412421139
189033549
982042852
394273111
210643849
722125039
640814827
250048448
184348615
264501864
38654446
83953171
578308070
774886711
164946932
778719018
335034154
694437243
863073288
968622200
509858559
684619942
406588150
630446377
761032747
630662759
711247717
24749720
610469368
684256281
81548141
642877731
263444143
340932248
903749442
724583700
861944054
159903574
695597830
741126759
729100519
673934765
561634939
658780073
225298939
538912441
745307610
648434672
75104718
519178346
707110534
152578381
928238739
118597112
526560753
9897012
974040810
753016305
164072598
19723099
556978202
911115666
567011448
899252506
187769079
275568302
308397879
501958745
326572599
687306117
817101584
438169127
598662736
562183514
547054621
419692854
434622296
940754491
462351899
587373058
479177858
312592843
761521115
571328794
211282204
947693089
649244763
114488740
900986305
62016548
899011384
824066823
518331382
349175820
957499464
469458861
456700742
661647082
459717696
287508957
221874644
600265387
191687744
347672421
731431879
362548815
913139800
80913237
340909440
768829072
48937144
826973116
777425565
544419873
840050967
953946672
552340375
643560644
361138057
412485116
937678003
808684390
148775817
229850119
805016872
207464075
84073034
346798757
10561883
102284597
701338314
876108197
139774442
528171042
380771282
965709480
991982620
669388264
291047019
711135901
938363268
164076684
222867185
676686713
189403702
598795535
994515469
680598137
80626636
42560320
809458396
301448143
329359850
632221294
786741472
743649058
169346567
719880930
404413284
822392251
701893544
774898372
169886005
35587064
462901529
637088022
718556243
746513143
151795325
379257039
942419939
657366399
577431588
169445506
216455505
776805969
447652622
864974542
364031176
788445195
109541468
43473349
831389606
869405038
720525870
340160526
881310007
700219441
813929595
483159014
40498896
760478999
24390255
407236169
694440212
426916396
384715596
71277319
131894003
109247114
694442514
347560995
723312024
78629648
96302709
43489880
808965277
578824289
834102708
608869468
560568876
680908171
272112785
297022471
97161960
268747471
193807280
443274738
567525316
872591665
885310572
118933294
424303131
284193114
468608147
986273553
23832997
487216776
557529085
72156429
896327470
967517471
219754117
294408509
256188370
375806900
699600383
640450340
358924824
246508828
311314635
472312770
482307583
513364863
557910646
431254594
672941426
333943848
398345460
515596587
42283268
238823368
165435150
577672226
299941052
866111149
397040590
575011610
914577376
539783713
750752097
674289783
40334259
545550773
279583355
858170789
642460838
147689150
218474201
379285200
232881184
126481754
566528503
381611254
768093589
312180031
133814140
881442323
884656079
812260355
70535043
661852258
995892787
773205678
814131428
781147688
327828891
720623221
319887234
912093930
461385452
815730551
907669906
835852868
958292490
615032843
321533858
11054711
732251601
807800165
621126909
56298481
869313667
125696281
228779715
214761714
406813435
893713208
28063293
508023125
791057416
257403013
360125835
763754168
595821131
984663521
538907669
708183408
985840284
59903453
757471820
177826534
927658041
949657403
933270106
352155796
346831251
42849293
979549685
830812899
958394456
26901180
581960949
792408892
212420504
123889601
302476194
146368714
733284371
13363804
844068123
670163371
378652552
89373584
202742147
507567997
722470873
650682372
111101888
604940502
408978689
751830383
936021130
119253892
862085512
483230131
498341019
370504602
628192877
157940054
858926679
556223450
800971580
181946613
424394509
714480962
105788371
512333665
174989157
407767226
97103836
956517980
510050273
612160596
433643204
81152005
292275497
943267192
574855847
918243716
217005228
784408689
191991951
712512434
657228582
53313275
957655814
704291460
227951998
892335637
154144950
533853810
174661601
756894782
686271636
436256941
599917032
840585177
133289955
165353178
386699828
322360050
961700950
227607817
159137098
115182233
787408129
50909069
371812144
871182188
501361440
672230398
508281596
313991760
922098869
488262541
462104515
776950073
100965554
821898566
497343810
899278576
372713732
176241176
306815009
934315063
119695414
262307616
827856867
595832432
400074184
788874908
89809575
870726217
700249600
680012078
379478292
667117306
610521651
839140022
609950788
556204895
657753173
364485638
952747204
703073947
579655129
539266988
523356975
542706867
471922884
593398413
510508002
305720818
268115425
772708666
717337598
784853099
542618401
382185936
10870284
703448369
965437509
548774659
873752907
972834388
205335388
848760534
137130984
499206544
562200471
451760365
589180175
839198795
909188739
537417741
245852927
298868162
786236344
522738526
52835420
619535310
25330101
975734730
796116215
741831267
870165858
843463167
3166380
785057898
181954421
140272626
824739056
768312539
15049828
761605458
363070431
224578293
786168085
558236672
238184947
125841410
210557667
963807782
468527206
594162204
13037351
388093922
975485127
582166685
699706918
972322092
376754752
270358563
497866432
250391920
195306529
796943830
417828271
524189072
459679307
662051038
998155476
302139751
605980953
449061508
554533526
284982144
314301010
895209094
745453478
797549113
374468588
243005759
196474157
531852007
901269611
483561724
899464519
260794133
133360926
120531023
31866526
926912175
434526703
826700223
784863361
583479723
922754470
601362650
992899902
188270511
456966168
344109728
297764612
452504928
594978905
740670536
162592336
630781976
453190937
812812367
691497301
252683174
997017672
61329413
742531521
624513749
44926264
936801538
321884173
479749381
84393212
927472879
294512123
58145065
191630057
192596846
398421997
306860609
974179548
231852453
332669443
785161217
5634002
923855317
91325005
704624964
348933602
85781165
638353831
114163417
165232188
163904906
594192087
308933226
764702062
245668556
676231836
392135244
910704411
547836762
707108755
155563805
741281556
537333727
79683827
881162886
565651862
729918459
2452681
681531083
334903550
698119808
997775151
938368114
885226881
259214272
201292960
800939182
696333553
277278334
644827193
163719775
344769223
433718233
474908609
915008064
245784771
719382710
702263257
430399138
567772499
543257992
586529127
854463471
429562864
997329627
67870733
755574006
6780715
586858683
826822193
592091349
134950409
434380889
238778264
586396641
844963411
331669621
730115818
885066100
611821262
9994098
665962335
561306063
691837687
236884096
162345256
163475996
996895066
971595305
835985909
908894282
557527609
588820068
171552588
745371679
509160394
373988298
322793968
567338742
885124848
46475511
554083271
757090323
892529810
837852745
124429678
549902037
526757984
619755005
226820590
3442938
410153053
286653303
374440412
154306936
169968133
818096478
965809862
393700193
594467451
617555595
277791198
617441146
541354172
401590905
400061121
583418060
598470598
598577971
512591838
919992287
839132501
550182416
267624674
320753891
763243011
632798082
850374308
53755826
503789864
907429510
478638530
33850615
946397835
522943285
540985766
387326726
224004258
702408757
979500263
597587555
600748319
126682546
704299576
616303472
20972126
897324673
485233899
367214886
116814872
256947887
378151974
444527685
612754685
536024281
451741467
294490885
722129269
256110744
49671702
405780816
645453958
509714303
212118936
718624730
235095676
730192658
231733228
378721608
496313869
490305931
443084583
267634864
229335851
985753243
565544630
592951985
231409273
896500524
61190674
591937222
418133302
724851501
945274583
778159073
466342897
108136330
453705749
101060813
299213044
641241563
355807735
307125148
168324752
206815839
686617740
820182315
628943342
711417052
266110593
645199236
881877875
422583266
734876342
138577605
206283415
105528603
884697483
338361165
345701643
942606495
248563633
655638049
995584217
660834533
924569764
722207637
92287478
779047000
20623462
621794677
65400597
905947601
480011167
80288061
190400526
178335391
174701293
81146374
585597802
372218442
848141669
676067958
216084898
702973600
884017159
38542325
366208890
49040536
882698600
569594486
620718028
394084591
761571489
563874593
902869419
355693473
53892315
235748430
369370105
458153460
721101840
783680449
335557799
759113260
484114784
642213464
328639748
455303303
229396646
540814602
917227837
678608449
739753751
432144691
248770421
311268839
464191955
701686081
110670776
895357930
527168759
209199032
715242242
315848165
580921294
457582853
923444227
429941749
4192475
53606392
338452187
478902750
664796498
611874124
598355826
204271643
91058105
233216397
317164941
880018396
117869258
424484259
134226840
488326876
386868916
536455046
7218347
615363569
440195230
591460572
118750380
521594984
570808329
146139802
678427105
806773350
743955788
363214706
437135423
660828823
814923968
995872058
902825209
593651816
378822846
220903165
890907957
199056832
822186476
293072544
51454620
529236942
553761155
688556689
914979963
766565553
640357374
693851369
815306877
386251397
924231689
115973805
810212072
914687841
887032387
199937766
516335166
577659459
840685054
84858934
847921105
583567583
316984374
428462189
353588831
598662829
790420834
276683855
429342317
538072344
744806570
496102096
24687127
387468281
641681995
918519000
419694629
720916612
267905620
671336686
165863790
159325035
522244531
568482454
821305839
895072704
831337606
625773602
482287448
784913393
480524160
119038663
846543251
860239678
2063100
216560579
774285001
410641592
14306216
101129057
31186803
273098954
777744898
785939698
572793548
198868305
750010414
558263160
798054341
610049220
97102891
770838603
145328800
578597660
67300741
980658038
200653576
19577499
794603347
993230438
837348180
220258665
471957104
299871710
511318715
870021415
473465734
700673561
892054669
134486419
718322661
331909854
786587026
566312093
659199302
299700472
873948045
471626064
375021570
374677662
418329758
775899003
733837267
396302803
810822090
912611193
861002174
894004357
788728396
394649146
101892304
479779029
512598475
420855821
514971099
42431729
819643578
845150565
407461057
937415050
805083692
365901730
838300617
573163461
768600643
580489229
105804584
811255872
471619178
420514408
380587182
733971035
854898009
744044162
159327528
609430809
469622318
216693851
740393344
768698678
771417305
194304436
785467302
765328115
370470660
4005666
493021243
565530736
366374221
427815466
432425268
494886164
759638923
234376495
378748792
541581254
128845724
28638539
907998981
751401882
727365951
671818618
248882142
418575499
879869614
340370431
487666771
56339011
698038944
375382474
88261312
344420319
188401899
766279627
537794221
877095190
964715554
451319132
310011679
250545389
439812391
617213432
692983321
840218543
506416469
766287450
358653627
252140988
203420087
740847318
176820800
927917942
715565340
39960456
869492466
744651035
752605914
149054046
435686582
137520664
5173149
282322266
630236491
595023414
19646116
914227962
648181914
850992226
673413169
381150255
8714536
685086093
691356181
652976837
372153860
819922236
651602264
266598793
80320211
569692857
178102501
897497898
264791037
627896299
772958792
6380320
161152511
511272078
417969100
445193778
690630401
583349998
149800960
88005251
385353623
288978792
130644575
92590578
637116212
860566960
562516222
873920979
824848695
353873226
606991519
152971252
611950966
721891438
187934411
298765797
728410647
804163489
889067807
671659815
171068461
873468732
516395898
51861479
74380450
514198115
64573228
501846023
814692849
78417893
492877050
662648576
470105913
503762912
813723993
225755585
276094390
715537691
850360017
388414473
500108234
561943303
123934437
820430047
479770055
999708309
639765954
504267412
846432405
18706951
831933487
472943042
791928359
314594004
175483373
794075250
765719210
449007541
9527173
841268113
662880062
163797267
378044122
770387656
19308849
946802999
815758204
853591174
508496111
298637203
807513579
278077635
656227649
984581390
807532539
870890443
610487295
96207584
226877682
49608541
689573028
744369157
633033892
151676948
185741960
260213250
652313265
545277416
714633844
359233292
489687098
300513071
552618460
536637401
193147495
819284950
862635658
515384416
261786597
751867791
557359906
7019100
427155630
459861968
975538586
539367379
818898398
425351220
674029302
664204989
781905938
688722795
24235825
898683728
119463528
435117122
934246739
512962786
142126177
596081448
995947447
542545365
256916720
381338025
686138082
393338810
706718481
596073257
420116604
195301365
145169540
247657118
352385303
625242271
629087526
473536551
147402449
121966459
953447469
427951040
298192550
3526211
925379607
542795594
695026633
282631483
952371154
568846799
977608641
70333107
424332111
820698095
651441477
90686545
296609133
618966614
818124405
899074504
3066347
607230693
671652237
652774210
440181082
998249985
113175018
141219683
773944257
852533721
780845744
322650286
215710254
145779392
679272945
906389450
748558255
51383170
507448457
789420902
686349164
711678312
180810345
48542352
164765211
701973039
813652536
915362671
924304177
904640933
150895601
389947931
550978095
740384908
552353715
389892347
252044171
91627278
188265988
264483637
334700260
386174372
314308746
246384341
808069629
686242810
617019451
773318098
866989524
74820774
906482378
788499689
686855406
445794810
823641937
129528699
39162534
197732937
459176937
376265821
856580338
781984520
131104276
603308658
498056258
599336829
137473223
849703140
503835952
380966126
417305746
443206845
44688219
912722678
980662226
736274850
852473007
971873071
362637931
882089506
49349261
772915432
931350020
687558573
581591194
127157040
429361781
892934326
135242196
648312224
311308924
687810764
114532971
859497743
457105142
346838280
58652585
314735914
486974763
924650140
723746386
425418439
21738859
465173010
885730173
973664500
553377285
143807555
29967057
725925557
189166438
491546733
411022321
824409104
933680146
711510241
923774778
520765989
815626504
104781873
975065382
207084627
614580867
73759820
813468817
731863215
533854204
805217383
879866032
782074545
68246228
355039250
202378261
285075159
5433895
441120001
209901784
